386.645 8.1125 892.855		252.468 4.16202 896.896		132.305 135.183 806.44		
386.425 8.00145 895.096		252.716 3.84 900.364		132.28 133.892 810.761		
387.133 9.03271 898.226		254.089 4.76968 905.388		133.069 132.847 815.035		
386.919 9.76918 899.843		254.242 5.77042 908.315		133.492 133.698 819.264		
386.201 9.76721 899.008		253.335 6.48039 907.104		133.812 136.205 819.85		
385.122 9.80251 899.028		252.175 6.97139 906.426		133.503 137.751 819.658		
386.056 10.5355 901.793		253.615 7.90459 910.287		135.323 138.04 823.939		
386.725 10.3908 902.285		254.326 8.19717 910.72		136.623 138.531 823.987		
386.186 10.4467 900.565		253.433 8.39516 908.001		135.851 139.442 820.549		
386.218 10.4162 900.279		253.405 8.31898 907.554		135.744 139.367 819.87		
386.268 10.3097 900.37		253.446 8.11322 907.414		135.645 138.926 819.119		
387.125 8.85217 900.73		254.363 6.79356 907.95		137.214 138.153 821.474		
387.938 8.28719 902.399		255.483 5.92012 910.196		138.129 136.457 824.06		
388.477 8.15962 904.08		256.318 5.54379 912.331		138.699 135.151 825.848		
389.799 9.00774 907.344		258.296 6.22705 917.371		140.355 134.234 830.975		
390.991 9.8045 911.359		260.322 6.80223 923.729		141.989 132.942 838.002		
389.879 8.90958 910.252		258.926 6.07663 921.473		141.032 133.187 835.867		
391.026 8.33791 910.114		260.039 4.41187 920.872		140.966 130.317 834.344		
390.858 8.54689 910.536		259.953 5.32849 921.809		141.642 131.8 835.823		
391.078 8.40727 911.136		260.29 5.53098 922.879		142.426 132.213 837.53		
389.731 7.42444 906.3		258.012 4.62889 915.639		140.611 133.771 831.106		
388.809 7.07904 904.462		256.728 4.36227 912.873		139.606 134.642 828.975		
389.763 6.63882 906.909		258.22 3.80246 917.087		140.975 133.061 834.581		
390.468 6.32532 909.528		259.594 3.59959 922.384		142.264 131.78 841.944		
390.95 5.60023 910.493		260.422 2.6412 925.093		142.78 130.226 846.844		
391.292 5.22838 910.68		260.831 2.12753 925.65		143.017 129.47 847.835		
389.822 4.31281 907.795		258.866 1.24495 921.895		141.274 130.107 845.702		
390.832 5.23619 910.765		260.443 1.68985 925.966		142.246 128.873 849.226		
389.519 4.34927 907.994		258.64 1.14171 922.389		140.844 129.797 846.521		
387.819 3.33415 903.074		255.928 1.43457 915.015		140.021 133.707 840.028		
387.212 3.07314 900.841		254.808 1.56067 911.231		139.535 135.279 835.857		
387.35 1.58385 896.377		254.048 0.931488 904.685		140.212 137.479 830.121		
386.257 5.21474 897.576		253.282 10.4159 906.097		145.338 150.12 826.389		
384.845 9.11453 900.507		252.55 18.0747 910.341		147.983 158.796 826.755		
383.707 12.9708 903.049		252.039 25.416 913.29		151.034 167.483 826.046		
383.206 15.1528 904.733		252.032 30.0925 915.68		153.691 173.279 826.907		
384.395 16.9325 906.237		253.617 33.3279 918.091		156.772 176.806 828.21		
385.033 16.7037 906.542		254.268 32.7583 918.796		156.908 175.732 828.968		
385.395 17.4727 907.994		255.256 35.3584 922.771		159.651 178.902 834.358		
384.711 18.7168 909.34		254.931 37.7709 924.426		160.599 181.692 835.146		
385.131 20.0287 909.685		255.352 38.9506 924.563		160.691 182.458 833.888		
387.099 19.9033 910.461		257.311 37.6698 925.819		161.419 180.115 835.788		
386.064 18.8843 906.898		255.051 70.1606 974.564		176.159 175.266 807.43		
382.353 14.1974 895.13		256.745 87.5583 966.025		180.978 188.479 782.258		
379.134 8.39742 879.892		259.058 101.446 916.81		169.735 225.808 746.042		
375.273 0.175262 860.733		256.665 123.09 882.905		160.87 273.707 724.632		
372.053 -4.73798 847.565		256.193 141.969 863.39		158.152 311.572 715.098		
369.422 -7.85095 837.151		256.95 157.18 852.467		161.08 341.064 713.92		
364.167 -9.16331 826.756		258.929 169.755 846.291		165.104 363.047 714.7		
360.762 -8.97368 820.775		260.396 180.951 842.302		171.103 381.859 718.237		
358.374 -8.49213 817.091		266.31 183.949 839.96		180.479 388.71 728.446		
356.894 -8.53177 810.609		270.927 187.542 838.476		189.75 395.496 736.387		
355.194 -8.27914 805.764		274.676 191.417 837.516		198.568 402.017 742.955		
353.435 -8.20221 801.707		278.112 194.85 837.344		206.986 407.407 748.711		
352.347 -7.7968 799.169		281.097 197.451 837.532		214.907 411.533 753.431		
351.088 -7.33881 796.554		283.566 200.011 838.609		222.131 415.169 757.853		
350.093 -6.59613 794.618		285.987 201.943 840.559		227.992 417.415 762.779		
350.338 -5.52188 792.995		287.429 203.463 842.906		232.422 418.924 767.997		
350.236 -4.57463 792.252		288.388 204.911 845.899		235.167 419.866 773.584		
350.589 -3.52847 792.588		288.496 205.803 848.667		235.917 419.934 779.62		
351.661 -2.76491 794.294		288.005 206.16 851.711		233.912 418.831 785.777		
351.452 -2.36458 792.432		287.062 205.624 854.89		230.129 416.258 792.985		
351.044 -1.77116 791.687		284.656 205.113 857.812		224.189 413.527 800.174		
350.63 -0.99472 790.875		281.597 203.976 860.194		216.039 409.649 807.199		
350.401 -0.108597 790.472		277.902 202.913 862.349		206.365 405.409 814.178		
349.946 1.30688 790.538		270.814 207.487 865.568		191.925 407.314 816.226		
349.502 3.03038 790.468		264.2 209.057 867.59		177.114 404.949 818.887		
349.645 5.04726 791.214		257.844 209.713 868.903		163.719 401.294 824.551		
349.484 7.21745 792.083		251.503 208.828 869.56		149.652 395.707 829.817		
348.546 10.3077 792.014		245.072 207.953 869.785		136.183 389.906 836.598		
348.207 12.8474 792.46		238.834 205.931 869.779		123.334 382.989 841.768		
347.537 15.4518 793.335		233.754 203.417 869.719		113.261 375.781 847.625		
347.095 18.5336 796.005		229.187 201.139 869.207		103.707 369.421 850.822		
348.157 21.2393 800.254		225.745 199.172 868.588		97.7496 366.176 850.872		
348.342 22.7258 802.773		223.902 196.981 868.178		94.065 363.855 846.73		
348.506 23.6799 804.353		223.271 195.526 867.637		93.2205 363.964 838.377		
349.183 24.946 806.304		223.704 195.332 866.878		94.5376 366.472 825.954		
349.625 26.1396 807.121		225.554 195.358 866.003		99.4974 370.541 810.791		
349.977 27.3164 808.06		229.495 195.694 864.701		107.918 375 792.349		
349.275 27.7388 806.798		234.601 196.02 863.221		119.033 379.033 772.994		
348.188 27.8321 806.263		239.61 197.936 860.054		133.547 386.129 757.645		
348.918 28.5332 807.234		245.995 200.184 857.359		149.034 392.456 742.622		
349.112 29.1184 807.875		251.831 201.697 853.983		166.045 397.955 729.103		
348.938 29.6077 808.778		255.247 208.179 845.859		177.609 413.675 713.228		
348.434 29.7926 808.298		259.11 212.565 839.503		191.037 424.628 700.299		
346.986 29.6799 806.382		262.51 216.543 834.204		203.033 432.922 686.888		
345.692 29.94 804.511		265.358 219.47 829.564		212.699 439.12 677.14		
345.049 30.4979 803.51		267.115 221.277 825.585		219.208 443.099 668.953		
345.627 31.435 803.94		267.91 222.28 822.624		223.613 445.612 663.318		
345.535 31.8844 803.104		267.993 223.075 820.369		225.782 447.757 660.718		
345.564 32.4245 803.066		267.08 223.296 819.121		223.963 448.437 659.294		
$
