1207
1.4758316414972372
0.3912616947030208
4.447466581527214
0.6721923740644277
-0.3679608552184761
1.9859560750156615
3.0895243096445646
2.7998496691338532
17.95571513427763
-1.6974786739553303
1.6688865558557084
2.5134272613439164
3.0573211404802345
0.6913200948360465
1.592437073942585
-0.6266325519312794
0.6421984516951899
0.4601243520165463
2.838929618296512
1.6599425229861393
1.5400136474572859
0.9325947597058194
2.5481148396261477
3.25533309685103
0.40835888084784405
-0.10800574795034809
-0.6190822373596145
0.24406398589318423
4.48800680707977
-0.907264054408004
1.568591620118273
0.20923131087314867
-0.13164243699464817
1.0018411964293912
-2.1208821895823036
0.48743240270272004
2.0477855163420244
0.9757212525831989
1.8073989787926672
0.590945930227346
1.589895257974409
-0.3476953318929193
-1.1096651056733162
0.791269279279329
1.8152530530888547
2.587767333465169
2.0342851471508356
-0.10844317437632434
0.83119323827712
0.537896436760536
0.8334031609778682
-1.0757001726794577
-0.13120989602945524
3.3896880079126794
-0.30099527907036366
4.190690613203837
-1.299838123237498
-1.93448391296424
1.2867767657613742
-0.49763395189126214
3.75826703189468
0.5901265448031437
-2.3171029001607737
-4.635206901049158
4.956181371729926
2.0123446452784797
1.1679492865678545
-0.3349822309101984
1.446154569150957
1.3988124741013188
1.2606375902426414
1.4453286726796521
-0.3959045081418249
0.609052336580026
-0.5708901014122232
-2.6613653123262306
-1.7963151891665923
1.1392652428740169
0.5636633366304638
0.7469087408103691
-0.25997521111554384
1.3582740439847574
3.8686833403455223
0.6986101937880482
0.13659169186046216
1.9391203090731615
-0.768287049309664
-0.10998307909199992
0.04786225876778395
0.6331148750083235
-1.3294166997086088
1.0548671293920429
-3.187381902027712
0.13892766013287308
0.977816050112085
2.3210804818491684
1.4611844024361067
-0.6638125910577776
0.9508970607525087
0.2809146469929049
-1.180915345781693
0.40372878410588514
-0.23742760427397702
3.9894780350046126
0.5819586615544788
-1.7837793625155822
0.8815166071592415
-0.06541345176512672
0.9504820149754492
1.1982238951847552
4.025064067272857
-1.135002532938408
0.4931773278115145
2.2522623803839865
1.092332090163361
0.09877421889473031
0.7278289366477911
1.0362233860164594
-1.395372443796147
0.5789341737146602
-2.712191618846619
1.6256231126947318
1.1947847101820903
-0.6079120669541083
0.6288570343423002
0.9424636762064026
2.022721348597214
1.9398141017023391
0.13574011098042515
0.8486551619310808
-2.3963531411663404
1.8161378693128225
5.472367063980141
1.4577502799145154
-0.2965478957317911
-1.22295148405602
-1.0646995703801
-1.5638809597043446
2.129436393940456
-0.1920481975615913
0.1749156897280694
6.056013723295817
5.0032229696747645
-3.220939099703506
1.6467765708797037
-1.226323071602754
1.2736022427172775
2.490234554407781
-1.0619759933829265
1.2865263701276584
2.0484968210948735
0.9192013653438917
2.2308160813810285
2.5138314767271046
-0.2233378751042366
1.6107751437447912
1.1636405062274027
0.29494528508803175
1.125723128090564
-0.9622540087929062
6.108052662425358
0.6546585414182665
4.364782273253501
1.0524287596825026
1.6739240871642884
-0.5806248925477245
0.11719680603637056
-2.303264265234795
5.400827325046945
1.5574132786882178
0.3729932947198026
-1.8135318466850754
0.6637849326774955
0.4775966139140487
-1.5312868308014993
1.6443954588022873
5.100981554595714
1.8536031637822796
1.103369905517956
0.8837732505097387
0.09443403489824981
-1.6296442262151392
0.7877511133087965
1.916238633835591
0.5936728094620844
-1.5499618942511715
0.5284772143741722
1.2128179108585568
1.5029249567548764
0.9183487629070392
0.45813313343790596
-0.728929062012189
3.2831244998666445
1.9202161949215513
1.9309825505020068
1.5797045297055807
-0.9163204558631354
1.32194319670274
0.08115290722610695
2.6416138286082016
0.1788547611537436
2.559013257882543
-0.38395270327796066
-0.04683890827563799
-0.14521466090397764
0.11889100391459284
1.2553347358696938
0.07980050208632024
2.398954155990923
0.5520722511915678
2.3158245435124596
2.9450798200213293
0.9416090437941902
1.1931452558685138
2.5903898670599728
3.714667886083557
-0.5544958604532951
-0.7789185206223166
4.270837234708168
0.9330996730270357
1.1094139946380308
-1.371787068789142
-1.4175582391672663
-0.12010630791333828
1.7821550985219174
1.0204066978748703
2.205793441627166
1.9201781791227954
0.06475088129154814
3.054023342228698
1.0752251548197396
0.8385545587818332
-1.7100653679304043
2.156009314526131
1.8001470155921422
0.20810570431373046
0.07902723257795106
2.9458811048524174
-1.4976556397998138
-0.4164008779292328
-2.326283106535672
0.5579310879046647
1.702840439875025
0.4682798731723701
0.39108012333732256
-0.5015670522216471
-0.9801039656332967
0.7687902985821319
1.168648590112671
0.7044904296124954
0.4851792167510818
0.13523402252090588
0.13523402252090588
3.70219278488414
-0.0968166425189895
2.4089917717238265
0.13221116347664377
0.23246485258302238
4.428458991298747
-1.2735521400485428
0.2990891673587406
-0.42609833798534513
1.5953587895420864
1.937280868967847
1.8282295816224987
-1.8757259788142817
0.4378674014881377
0.888477771754098
0.5285248234091338
-1.2170906738243936
0.4696266615450951
0.1720929167783845
2.4782069351512686
0.2591706643546291
0.2591706643546291
4.082972030531891
1.7064168979007692
2.9543659105457936
-3.203231091575044
-0.13831134291188837
0.8844424880190029
-4.3937705228927735
1.0010927964588388
0.40659169415241314
0.1708583925454137
0.12819614746117117
0.16631761339670004
0.8573004052241938
-0.6873188635535499
-0.6875655497805517
0.21091524907617085
0.06657735207672887
0.7679902481399861
-0.1788549798155901
1.0516414275407555
0.27178557330704023
0.038389865895051334
1.8869359985312848
0.19467601022721748
0.06356450482943841
0.09511119298358958
0.7346580248091753
0.7385719124937788
0.3311555942973232
0.13111150539778024
-0.7118353101087644
0.09407286463138846
0.1551436959900647
1.828239305426995
-0.47044645746298996
0.06578683665153229
0.7602903190747551
2.8229221031740463
2.3506314708677105
-1.123398065970747
-0.29771766736046895
3.031466382878089
1.8067058655203645
-0.24692317128922228
0.8278431613088901
-0.2199937272165553
0.04359278184914355
-1.460618676070893
4.001081505788108
-0.5530974560472847
-0.4163985429275494
0.9176657587233439
0.09740327481276236
0.38246715860094416
0.6377112166769968
1.0273602959912511
0.7895921447317793
-1.637265578340327
-1.8992694786902111
-2.390297369189496
0.8316800464269418
-0.03836580403516954
0.08445056705815596
0.8156380857160176
3.0998976328869685
2.933108009795542
0.9673994301276135
1.0952418771947758
0.9005957659179976
0.4340475399879494
0.06314075293676724
0.023667327456290323
2.3693763463373174
3.1379468384883937
-1.0533511398126052
-0.14580708193849426
0.9136024831394821
-0.2741989268583975
2.013707020341036
-1.4672865824658816
0.5117303921403725
2.1873760474080988
0.8069452812445236
-0.10511203922219203
0.03907127727442842
2.0539658013364237
-2.718130037791257
4.298353268728845
6.885796388150257
1.084456654180593
1.8764259606675617
-0.44401572664950534
-0.2382521142462685
0.8615536499900125
0.11652138352889727
0.02350441097437274
0.744232227891846
0.04308673022279817
-1.0877345190039718
0.023939111269548036
0.0987938269384675
2.6281368411517376
0.06711405878832986
-1.2221137008232867
0.06560500522038633
-0.586871710642024
1.2578563436897756
0.683472608610129
-0.6055083192526958
-0.08381530214848867
0.10769648287257279
-0.5438016411560493
1.7101152946954024
-1.9525592550096105
0.43013903051655494
-0.0815892607287132
1.886131753589679
-0.24120130545773197
2.343085922073003
-1.356616581561965
1.6474724935846756
1.7150763706709755
2.022780003496015
3.99148143326547
-0.1081345815255629
1.273396453071953
1.9420874810435984
0.8838565929264864
-0.8554355753403979
-0.44738148739804123
-2.2867672146691453
1.832308354539238
0.11048503467540674
0.03952347652384533
0.6476712515466948
-0.10934403620111821
1.7719915687278829
0.8333508452497416
-0.45404599794634387
1.4621099973545613
-1.6512765010009987
-2.3536472211828996
0.7783435833381807
1.6242055007771972
0.24957565612303084
1.9695769025633092
-0.2556591826820568
-1.514614386883891
0.7134735722162946
-0.1698124230888118
4.249051513607448
2.6999511513997394
-1.386321717577557
1.7466724778618283
-0.49971108887921745
1.3134712199037264
0.47234334989033655
0.02326976265784547
0.020605432792410297
-0.8784821673658632
0.26445192177421134
0.07197058563444339
0.01604281989393924
0.015924803975378706
0.30012310978899515
0.11183482260459472
0.016036659748915685
0.3692221974981961
0.27445680935906513
1.3336922588002744
0.2451616638908973
-0.5413508987926545
1.34920131441018
0.056298127295861956
0.031546688154151965
3.6577640723279297
0.9898571360414886
1.733681781755475
-0.9797631988674652
-2.6934187413776485
0.585675969462385
0.4082059627435041
1.2684427994978096
0.8344924206734399
-2.4080818554035854
1.648908575772529
0.03187047612810332
0.5960973654171727
-2.1581044849754116
0.01128109140108061
0.01128109140108061
-1.66127209801218
-0.555491435716178
3.231825242289288
0.4056185620346568
0.09691276245917206
-1.4027767861347187
-0.31766105186779664
-0.8710756009930871
0.4005174735839503
-1.129174817140491
-1.060129840065328
0.6112045614562027
0.5927679516191345
-0.9321776160499118
1.3399731968276243
2.4395390633356295
5.607289562945066
4.124271111102937
2.002575517339824
1.4012448286011514
4.4124586652412034
-0.4167944994966909
1.2358187299128112
-2.7482629771833293
15.535254658792196
3.492971855580739
2.9215733752625015
1.4432147139579101
1.926346928479271
-0.113422618918984
0.41110518900810966
0.6595364522189742
-0.35875722574275953
0.11319560307368166
0.504660461642965
3.081104013966244
1.3662659061797997
1.114005039140944
1.6198115382780798
2.8396177502997997
0.6879519898696979
1.9875345098089916
-1.1689474917457452
0.38724383537606344
2.2808786480139056
-0.05135188543086821
3.565187621574318
1.6115202934640493
2.5177388031327546
1.2170162072825084
-2.943325766305634
2.4455779653479985
1.5038843219157159
1.4616096324858483
3.261857051253423
0.16330677657940304
1.7696527552951373
-0.0031078293719506867
-4.248572232205171
0.7551551261770397
-0.23796030143748143
2.278389767865153
0.6779805690322723
0.840045649080502
0.0048122610804915015
-0.17401585679979256
-0.6169656885848226
-0.11521895710295203
1.3912756819519096
1.549194110388413
2.4662518926751367
0.5656410227098636
-0.49186912118769877
-1.2038499642801752
0.5872281229557869
0.8338893966312552
-0.2642801887578533
2.0643144230228327
-0.29550094384435227
3.0623862984424264
-1.1590583002074761
1.0942976339345822
-0.5737180567170186
-0.22503688029208163
-1.1426657678685013
-1.1911451660331749
2.952148578274056
2.31868826291778
0.9526079892361007
-1.422455919224293
2.17310304132274
-0.06792326077668344
-0.5558161419983111
0.06724848239482509
0.6594911339981315
0.014829360143705547
-0.9183090906777237
0.00800426279623409
0.8898162909182462
-1.2863644200628825
-0.32659407905849286
3.8394040543049397
-1.1877214922742048
3.643405644123763
-3.061725354248235
-0.3033528152181401
0.45939652832822636
1.5367821402468804
-1.9703059450937022
2.087442320179015
1.894861318889441
-0.8560387486890589
2.34920354317598
1.517055968227845
0.8716321811712362
0.38194307175412
1.3998384023054231
3.0805090822551553
3.7321254925940863
1.7490601798478067
-1.1483538318831885
-0.4000759226150372
-1.9271573726271933
-0.5526507619982334
2.025252686959935
-0.2713388859367933
0.4777208570961723
-3.1984868959861075
0.8438004918349693
1.341905780755147
0.6234555232996108
0.9013948901236283
2.3445752895179925
2.5381084738816226
1.1095601813356175
-0.7391551434698905
-1.0387303684908702
0.911013566888831
-0.6745652864131788
-0.7867417529016411
0.15814154175853642
1.313440826715508
-2.070718995310598
0.23438069255843907
0.7431864450204698
-1.0554186933995109
-0.3987348350239672
1.718140279951583
1.275312794483726
-2.4067052604773185
1.9831084183584293
-1.5372825211176173
-0.03484012824062288
-0.6368954597920949
-3.603081170502745
1.983440957644361
1.833844306907332
3.433619974910034
0.45546568740824445
-0.20850950588284264
3.5558282012400824
-0.7457695157712443
-1.910251608816357
0.6404994467590341
1.8658017078611233
0.6885601743752338
8.559783992889876
0.7345285120835184
-1.925622422628334
-1.6385323089667152
-0.6525826133203848
-1.532680475565784
0.3949289915056514
0.8455506413220596
-1.2221541024178144
-0.21980695175070525
0.23317541010874585
-1.0692017655101542
1.0406083241434585
0.11279114622346008
2.283061798802521
-1.2036786826606107
1.367239430754114
-0.688457666720865
0.6576529493047213
-0.83766925556107
-1.7566467629807392
-0.1713868394296134
0.5656758094093067
-0.002370591695748117
0.28925873152733667
0.9706594043912684
0.6782621402584988
0.7843805554291872
-0.325977778426693
1.5362680012208418
0.005207014559378257
2.139963768720846
3.093797643881342
-0.5157884265347934
-0.5279821252385704
0.7286636070376313
3.2456306483652466
4.011679572722623
2.1348785831606083
-0.2265402198436272
-0.3349437888829215
-0.5801935089516915
1.3350173018516671
0.549572340229449
-0.6466078660346377
-1.7991639214409805
0.8288581684899891
3.0463251934534994
1.9824162290974723
0.5992122108692154
0.5770344934845086
-1.4783747720368432
-0.9187354590705651
0.4308281416967771
1.7127871050912744
-0.5639717308009748
-1.892605944320447
0.24868208234118794
-0.09192690567561738
-0.15408813431666388
0.25701063916688116
-0.12617205618175706
0.28006789910524116
-1.2935750782079358
-0.09637044368715379
-1.8448981461789817
0.9028382144754494
-1.511521227001553
1.9768174962101983
0.16539155762290342
1.0721587256404934
-0.3111582440779921
2.010195979677387
0.5774685008157131
-0.41568217837981225
-0.7888500172609917
1.2123035643443079
0.5640659548126339
-0.10869139891122483
0.26286613001181586
0.7523244503759621
1.7079262270692985
-1.0532350045793595
-0.7662830353714422
0.4292861864059278
-1.4688610315244273
2.458422864558823
0.5787118987204246
0.33780735288741226
1.43895831855983
-1.0356335496590041
0.4943647574424476
-0.6202684860664709
0.5329565739037653
3.1275748644905037
-0.7595189426136386
0.544483105867883
0.13139068129695033
1.367164523726228
0.6382161340850085
1.1707188013105598
-2.2767932279594163
0.10699080135811484
0.8561125458769834
-2.182438370732606
2.486299156456692
2.1370837218612175
-0.4471482637834912
-0.31121211435814466
2.4557437517375287
2.2235797023824886
0.45362687233735766
-0.12408122090652846
-1.7640351441503734
1.4607552071239904
-0.12720950726440178
-0.8012654507470918
1.442619919214621
0.2884391727111484
0.5751140384580451
0.7370856918316184
0.5105518064151051
-0.31378426642588475
-2.0063672975762814
0.08884786247880994
-1.612006571535543
1.2955271225432343
-0.2081566943438112
-0.11384912238091446
-0.3732359886171583
1.3885801123439991
-1.3691726796789692
-3.5377204571598226
0.10674142619403235
-4.895073956345144
0.009277886918871471
-0.9610600338847016
-0.1445272584024189
0.5609595077247476
0.05660506318771494
-1.3035710713457878
0.7130311340670041
2.550983347467618
-1.2422622768241671
-0.017400059392466576
0.08835108833058786
-0.46774744006245594
0.3080374546761464
0.10121976926531369
0.862454710868896
2.5989459779668747
-0.33600060538053833
-0.2664681607233279
-0.2456669838950143
1.4595437782764629
0.20948413869711993
4.780032416880518
0.6486011557606971
-0.023543209178735758
-0.9698839097430823
-4.152299189189575
-0.20088901442112328
0.45891423807859544
0.746340007495864
0.17122492487296517
-0.8863796656490489
-0.21801651375129247
0.24417791192250984
1.9545017008332528
1.2164838242592257
-0.704032424777268
-0.17131931215678875
-0.3876977998689063
1.8067860610636992
-1.3885590546577362
-0.2068114070514314
-1.4787990252166119
-0.612582553666976
0.4028199358918295
-2.096222082656103
2.785501028471618
-0.9129411975699665
-0.22568027595804005
0.4843820295840847
-0.16194103955407388
-0.7247190023286537
1.2236720976212918
0.1150325838124935
2.819472821729287
0.07247175220238547
-0.07680330052877767
3.999534742973764
0.02880879900289555
2.981923101532641
-1.0683701885940617
-1.795013591043884
1.400878659221537
0.5309720112879113
0.701238586106959
2.377860127442299
-0.21475788319781267
1.588617569660467
-2.0683981744512323
-0.5725778039339691
-2.3176710856272074
0.4503272940020452
2.740096632278128
-1.2480328997855739
0.752208571022854
0.36630453444138283
1.659159024737518
2.850432973336373
1.1780328006292329
-2.496373180617106
0.8824364196841253
-1.8090824288982645
2.1534716809101506
0.34871055570940496
1.127331972634639
1.1444145499790703
-0.9714685301852908
0.022987560738504567
0.10785732142388031
0.6803202961140732
0.2654944455840743
-0.6724446801628823
0.43476626838422056
-1.2173089168239244
0.334359271749773
0.35766272203574834
0.4689164006595848
0.16412999328608593
1.2161336525165762
1.637556738198503
-1.6571062781572474
1.0516073478967252
0.09708462020538665
0.8211548701483977
0.47235668458223135
1.8083523944470667
-0.6566842843898063
1.7440654654613013
2.7833997958091494
0.3682035104161884
0.4534253348012017
0.6475522789357098
1.4035583039196677
1.3871677052618128
0.35758634083868424
0.5867536639891321
1.2210043254337057
-0.5480177352798808
-1.322986010028708
0.47038269866140475
2.3690165441578492
-1.0977875609783125
-0.8019197066393969
0.11594775246431817
-4.2478679048636945
-2.5558676440629595
0.990618684986204
-1.3898950761527782
1.8717268964819187
2.350552679716753
2.0595297763900784
-1.3538669497401372
0.5857288592773565
-1.6515813188589066
-3.318605852986127
0.7647452673270715
-0.9338434687058382
1.7311347305089306
1.7216229839466515
0.512565332527933
1.4182336387429804
-1.2849389240392088
0.4823476860947535
0.18509425325759046
0.972948748662365
0.8676175001653637
0.30523133601632646
0.01678043824566932
0.6829837404772184
-0.06123719400470792
-0.622857699982973
-2.419151775678026
-2.815786616754925
0.17494002074557335
0.7573705080091507
-0.7078302028161377
0.3937109182348127
5.015103356247561
3.6998070307976456
-1.9941052138250523
-1.6457783967327124
-4.580525636632499
2.1698757541805356
-2.075671065368962
0.8648820736960751
-2.225465564652574
1.0420282023320664
-1.1612653458878626
2.060268095034198
2.5187488890066803
-0.8863488515871968
-0.7023056324539286
-0.7159763917212968
0.09754388539660373
-0.004505205933048606
-1.427358291960607
-0.5740402934727038
0.6667940604294862
-0.3649784879096703
-0.10276286986685872
-0.24570228333077418
-1.5019164478513471
0.30704183175128064
-2.6601300220196387
1.6207799683860087
0.8578645303440032
0.6923203435059143
-0.26428313695338007
0.19100277215627015
-0.6593245661117941
-3.3692266992982054
-0.6637750954094148
0.5164722390309257
-0.6414258491126585
-0.8065913998643816
1.2944746014178643
-2.9225047959384276
-0.9455668476751206
-0.4541424027424867
1.9576130393797657
-0.6491822045701212
0.2139782785752368
-0.08242691450238954
-0.6420667841897766
0.9873996466799713
-0.10830134979457495
1.465924139675442
1.10158205994934
0.5625982163754977
-0.44475581836581346
-0.9077549813612925
-1.8486409373435666
0.0907624026223616
0.7108669690298035
-0.28401321100233395
0.9424556119363037
1.9018709821204192
-1.7743941181945333
1.604109129158845
-3.785919832183884
1.7886960182744198
0.2807734388829404
1.62201793972518
-0.33096074408147924
0.10269000763741434
1.113828705876922
-0.015551709440060336
-1.0640676705884247
-1.2636089021817292
1.827141742689638
1.9103695975094692
-1.008641598679692
0.186476924222577
0.9274438673020364
-0.1126251709261655
-0.8680078166735432
4.58912948418113
0.0096400549264526
-0.38433523262520464
0.28785987847181993
0.5483326826633534
0.8962177983113052
0.6106690710642099
0.32859588984194504
0.8319301339289484
0.09218535423047791
-0.04010645739334642
-0.10464518381468955
3.4162004193444946
1.384162907608754
0.29150734132364065
0.8340171865709399
-0.03613595985412661
0.014338908026326916
0.36289015509643896
0.7999307218533012
0.02009911520233722
0.023034135633896113
0.023034135633896113
0.023034135633896113
0.023034135633896113
0.02475143914170994
0.02475143914170994
0.02475143914170994
0.023997183856156595
1.0315863422790756
0.7706933060588055
1.7486612469135339
0.05270010233775261
-0.20264508769335346
0.09004462591282072
-0.532739472004604
0.48301446225373584
1.597636231626328
1.53463248411002
1.1811965993799336
0.6823939928459389
0.4239005301427759
0.5795841659736964
0.7650429492369397
3.8168576588994654
1.9756052909898127
0.24931361004898756
0.28687278261323235
0.03342464510483496
2.2828238951112896
0.33490626180808664
2.890460038710148
0.5803178993969972
-2.6303903490638754
-1.5690553704078893
-1.5451254671231187
8.683880704531822
-0.07141580727006915
2.435009045325954
1.7799052667593627
3.367520446534876
0.7264108063314421
-0.6972979838352876
2.5739569088560073
-0.08179343039453026
1.7939599962343162
-0.43716754567539867
1.8011505335737275
-0.5573942898771945
-5.682160040762208
0.9612076238071178
-0.6643594968329042
-0.06965774391990774
-0.8042171845732885
0.5019281231699506
-0.691130124904952
-0.33245064698820137
0.4190966410173562
-1.3805825304244475
0.4779735614846515
-0.3926245898934288
0.4807082276997287
2.123611376291047
0.312159443810758
0.5001784849266494
-0.64482092528623
-2.5909706273281756
-0.18969651454338896
0.35587896263180735
-1.5979865622585734
-0.40220977446896033
0.08722620114152027
-0.6997842956705007
3.040590412940977
0.09611943334309175
0.8174914494358546
-2.6787499283441187
0.037362712260783866
0.0201044936612904
0.019751459829587023
-1.534379090876215
-1.2171740268654008
1.809872478808174
3.935077082072442
3.2834546561510445
-0.9580803201472347
2.625124852046553
-0.8876785347224389
1.1673640329151105
1.2549758563561775
0.4661810682282409
-0.44598879403355124
-1.213510838303144
-0.8216167883149736
-1.267463304850282
0.3049485309099411
0.7718355160298104
0.0053119443157293045
-1.5420100574202502
-1.4292371664666472
0.08753424849556166
-0.3721177043092923
0.08137375439949378
0.03334420497636453
-2.1908389470446314
-0.7220431591889387
0.033852050148481076
-0.7324941856348534
-1.331108267339918
0.673018189351094
0.16310251674459247
2.817255446329956
0.029563220891443927
0.019392582988697133
-0.24572287083883187
0.10075057264468815
-1.451346739557742
-0.7311909723047053
-2.8656026160566075
-2.895793121466679
0.41798864765760485
0.021174779975114064
0.0017664456259678316
0.0017664456259678316
0.9798199683443886
-0.18132052889386077
0.4603401271493074
-0.11426067610958625
-0.7849283086486111
-0.548670753393354
0.5927698823104071
0.008904374442198687
3.258697561473867
0.8782865673525219
1.7735944391485623
3.4482196032953913
-2.402479145972939
2.6483466465378074
-1.0171046333856688
0.7213687523261448
-1.245674514068471
0.7911209468544336
-0.871907316586795
0.06515637934929817
0.14020051823075633
0.3788704541642867
0.27898889015288014
0.03433607762609277
0.9314669312143886
1.4344753092594105
1.2999575692871042
0.15095906090171002
1.1778425253883515
-1.3897506039498626
1.718971505559333
0.8175632933422438
0.6256815836200945
0.24164291313458064
-0.9488469198040569
0.6109400675782901
-4.113204538479526
-0.5521998396216042
-1.7536820645022784
-1.3309322870984222
0.8285197767310886
0.7619072232107538
-1.0354031946003273
-2.0894950965552135
0.14506696511257527
-0.2193226953904675
0.22671671482524997
0.9312704688622836
0.9235929610793648
0.49068034023339535
-0.2986049578295632
-1.8004065302166705
-3.555309190472393
-1.7358588326940263
-1.059952158005147
-1.423514919759185
0.1724948890973913
0.0612508783566385
-0.8646136985264545
-0.9884508257730084
-1.0930429283865168
