355.573 284.404 2375.37		355.19 226.604 2408.69		315.191 227.717 2439.65		244.782 212.643 2597.33		272 148 2532		0		
355.026 277.885 2385.91		353.817 220.752 2425.85		314.195 222.705 2457.8		250.734 213.861 2597.15		272.63 147.791 2533.59		0		
354.786 273.581 2392.44		353.216 217.027 2438.9		313.856 219.455 2471.38		253.211 214.533 2597.01		272.686 147.62 2536.4		0		
354.765 271.91 2395.21		353.095 215.446 2441.85		313.767 217.944 2473.99		254.507 214.867 2596.34		272.717 147.527 2540.23		0		
354.829 271.234 2396.37		352.914 214.777 2442.48		313.607 217.439 2474.65		255.176 215.126 2596.76		272.724 147.469 2542.83		0		
354.92 271.525 2395.91		353.004 215.096 2442.88		313.706 217.775 2475.1		255.414 215.316 2591.28		272.725 147.448 2543.8		0		
354.933 271.371 2395.94		352.976 214.959 2443.17		313.677 217.666 2475.26		255.618 215.317 2593.71		272.721 147.433 2541.78		0		
354.906 271.364 2395.66		352.945 214.94 2442.83		313.634 217.642 2474.78		255.822 215.329 2592.12		272.733 147.427 2544.04		0		
354.938 271.322 2395.59		353.016 214.893 2442.71		313.693 217.558 2474.52		255.896 215.336 2591.36		272.727 147.419 2544.42		0		
355.052 270.701 2396		352.884 214.327 2443.6		313.565 217.154 2474.93		255.876 215.41 2589.2		272.727 147.409 2547.71		0		
354.944 271.19 2394.96		352.916 214.816 2443.2		313.575 217.543 2474.31		255.846 215.293 2590.37		272.712 147.408 2544.74		0		
354.938 271.279 2395.08		353.004 214.882 2442.96		313.659 217.541 2474.18		255.934 215.311 2590.74		272.724 147.424 2543.56		0		
355.001 271.312 2394.9		353.087 214.886 2442.35		313.736 217.528 2473.72		255.97 215.353 2588.39		272.722 147.421 2544.17		0		
355.117 271.308 2394.88		352.928 214.936 2443.16		313.597 217.776 2474.34		255.822 215.465 2586.64		272.721 147.412 2545.59		0		
355.089 270.793 2395.4		352.985 214.638 2446.89		313.733 217.519 2478.46		255.831 215.45 2591.43		272.726 147.401 2547.97		0		
355.116 270.647 2395.6		352.941 214.379 2445.09		313.676 217.283 2476.97		255.767 215.389 2593.12		272.719 147.413 2543.86		0		
355.094 270.746 2395.26		352.884 214.408 2443.72		313.611 217.328 2475.87		255.821 215.427 2590.62		272.734 147.419 2547.08		0		
355.14 270.646 2395.26		352.904 214.281 2443.25		313.63 217.215 2475.52		255.706 215.461 2589.85		272.73 147.41 2546.73		0		
355.116 269.734 2395.53		352.971 213.61 2447.06		313.749 216.561 2479.15		255.579 215.411 2588.88		272.734 147.435 2543.32		0		
355.263 270.099 2395.33		353.209 213.866 2445.36		313.943 216.706 2477.31		255.496 215.271 2588.96		272.741 147.453 2540.84		0		
355.344 270.022 2395.23		353.395 213.917 2447.39		314.159 216.734 2479.38		255.451 215.325 2588.88		272.749 147.46 2539.59		0		
355.296 269.625 2396.02		353.485 213.587 2448.92		314.272 216.336 2481.02		255.641 215.335 2591.89		272.751 147.464 2538.97		0		
355.328 269.007 2396.28		353.714 213.28 2453.52		314.561 215.984 2485.46		255.533 215.313 2591.2		272.743 147.469 2537.67		0		
355.339 268.613 2397.73		353.747 212.781 2452.83		314.575 215.421 2484.69		255.661 215.414 2589.52		272.742 147.471 2537.24		0		
355.468 269.469 2397.42		353.925 213.354 2448.42		314.692 215.878 2480.65		255.648 215.341 2589.72		272.738 147.47 2534.97		0		
355.673 269.717 2396.11		353.932 213.696 2449.19		314.732 216.413 2481.61		255.766 215.286 2590.04		272.748 147.469 2532.45		0		
355.681 270.734 2394.82		354.094 214.488 2445.15		314.836 217.044 2477.94		255.662 215.349 2587.54		272.747 147.468 2535.02		0		
355.823 271.242 2393.5		354.08 214.932 2443.46		314.797 217.577 2476.17		255.915 215.408 2585.25		272.742 147.471 2534.71		0		
355.914 271.368 2393.33		354.007 215.006 2442.49		314.695 217.722 2474.8		255.724 215.9 2583.19		272.893 147.778 2526.26		0		
355.818 271.83 2392.69		353.898 215.456 2442.1		314.554 218.15 2473.84		256.035 217.404 2583.34		272.894 149.326 2517.42		0		
355.959 271.568 2392.05		353.598 215.406 2444.79		314.259 218.397 2475.13		256.104 220.022 2580.8		272.555 152.064 2509.62		0		
355.849 270.713 2393.63		353.266 214.462 2443.93		313.897 217.538 2473.69		256.285 222.038 2577.1		272.101 153.793 2500.69		0		
355.573 270.17 2394.57		352.774 213.866 2443.34		313.385 217.045 2472.6		256.378 224.066 2574.28		270.9 155.663 2486.83		0		
355.33 270.203 2394.36		352.408 213.904 2443.27		313.045 217.194 2472.86		256.586 227.847 2571.78		270.242 159.488 2477.86		0		
355.149 270.277 2394.65		352.31 213.996 2443.85		312.988 217.273 2474.14		256.753 231.223 2562.61		269.554 162.11 2473.26		0		
355.358 270.11 2394.98		352.735 213.792 2443.5		313.469 216.99 2475.38		259.695 236.496 2556.78		268.524 166.538 2458.22		0		
355.5 270.365 2394.67		353.055 214.031 2443.23		313.812 217.146 2475.93		262.387 242.8 2551.96		267.718 172.342 2450.18		0		
356.023 271.159 2393.55		353.752 214.793 2442.38		314.439 217.733 2474.3		266.953 248.384 2548.6		266.007 177.115 2442.56		0		
356.752 270.928 2394.17		354.387 214.557 2442.56		315.133 217.613 2475.69		271.219 253.454 2543.71		266.052 182.295 2428.54		0		
356.877 265.75 2400.49		352.97 210.082 2454.5		314.229 214.603 2490.62		274.771 258.343 2539.22		263.729 188.415 2418.55		0		
356.713 267.275 2399.84		354.114 211.226 2449.36		315.322 214.831 2487.98		278.903 260.862 2534.64		259.358 193.772 2404.42		0		
356.503 268.742 2397.94		354.846 212.508 2446.21		315.941 215.417 2484.96		282.371 263.128 2529.45		256.299 200.039 2382.28		0		
356.648 269.083 2397.9		355.567 212.949 2448.24		316.674 215.533 2487.37		285.653 265.862 2524.38		252.151 207.596 2365.02		0		
356.867 268.988 2397.61		356.19 212.739 2446.25		317.239 215 2485.47		288.538 268.127 2525.19		247.735 217.985 2346.75		0		
356.859 268.396 2398.58		356.489 212.311 2449.4		317.549 214.403 2488.22		291.135 270.074 2524.52		244.874 231.522 2323.36		0		
356.678 269.258 2397.72		356.738 212.992 2446.1		317.652 214.632 2483.51		292.185 270.785 2521.36		243.472 245.428 2299.57		0		
356.873 270.511 2397.66		357.125 213.951 2441.11		317.797 215.165 2475.52		292.908 274.416 2513.62		243.843 267.158 2277.75		0		
357.405 270.073 2398.36		357.91 213.6 2442.99		318.523 214.572 2475.93		294.194 275.832 2509.22		244.623 282.57 2269.58		0		
358.012 269.269 2400.37		358.219 212.804 2444.22		318.827 213.942 2476.73		295.406 278.409 2500.58		244.499 293.662 2267.67		0		
358.442 269.554 2400.63		358.584 212.926 2441.36		319.034 213.917 2471.41		297.138 279.926 2495.43		244.432 299.409 2270.65		0		
358.93 270.148 2400.85		359.19 213.345 2438.11		319.461 214.045 2465.18		297.463 281.214 2489		242.436 301.831 2272.99		0		
360.373 270.02 2399.88		360.098 213.392 2441.05		320.366 214.436 2466.92		297.898 281.617 2491.51		239.99 300.037 2283.14		0		
361.383 269.324 2399.4		361.112 213.029 2446.43		321.607 214.372 2475.96		295.925 280.485 2504.75		234.267 291.987 2310.1		0		
361.863 267.913 2399.88		361.656 212.085 2453.64		322.505 213.856 2488.25		292.797 278.095 2515.42		228.012 284.792 2335.22		0		
362.227 268.216 2398.23		362.099 212.402 2453.13		323.018 214.241 2489.71		290.51 274.951 2529.29		224.009 276.195 2360.95		0		
363.409 268.983 2396.69		363.004 213.098 2451.5		323.888 215.092 2488.17		288.108 272.955 2537.93		220.137 269.89 2388.83		0		
364.142 269.765 2395.7		363.576 213.612 2446.91		324.391 215.622 2483.89		283.728 269.39 2549.56		214.917 263.613 2406.25		0		
364.463 270.36 2396.12		363.77 214.06 2445.02		324.62 216.159 2483.29		279.688 266.623 2561.71		210.189 257.569 2434.13		0		
365.167 271.376 2393.78		364.418 214.991 2442.56		325.25 217.135 2481.41		276.739 263.266 2571.95		207.006 252.491 2456.97		0		
365.472 272.6 2390.61		364.889 216.166 2440.23		325.723 218.252 2479.99		275.382 261.399 2581.1		205.852 248.56 2474.99		0		
365.725 273.133 2389.76		365.197 216.683 2439.66		326.045 218.758 2479.96		272.159 258.564 2590.92		202.093 246.086 2492.09		0		
365.708 273.882 2388.99		365.365 217.219 2435.66		326.174 219.104 2476.6		270.093 256.876 2597.21		199.671 243.987 2505.69		0		
365.533 272.917 2390.85		365.564 216.371 2438.42		326.474 218.107 2480.54		268.915 254.319 2599.93		198.063 241.624 2520.8		0		
365.403 271.576 2392.07		365.709 215.111 2440.04		326.742 216.795 2483.92		266.928 251.255 2603.84		195.723 239.898 2536.32		0		
365.602 271.745 2391.17		366.07 215.292 2439.7		327.124 216.912 2484.2		262.509 249.482 2603.26		190.815 238.503 2551.68		0		
365.731 270.768 2391.74		366.054 214.349 2440.38		327.181 216.143 2485.83		258.98 247.168 2602.21		186.315 237.174 2562.45		0		
365.801 270.711 2390.86		366.26 214.336 2440.5		327.409 216.094 2486.37		257.28 245.581 2598.22		184.39 235.687 2579.54		0		
365.676 270.673 2391.15		366.326 214.113 2437.32		327.386 215.608 2482.69		256.276 243.621 2599.27		183.75 232.96 2597.98		0		
365.86 271.254 2389.81		366.537 214.567 2434.51		327.491 215.938 2478.97		254.665 241.927 2598.97		182.284 230.658 2605.97		0		
366.098 270.862 2390.26		366.793 214.308 2436.99		327.803 215.749 2481.79		253.817 241.035 2598.48		181.204 229.296 2611.05		0		
366.424 270.336 2390.07		367.001 213.862 2438.14		327.979 215.379 2482.13		254.208 240.26 2603.25		181.263 227.649 2618.85		0		
366.545 269.857 2389.85		366.93 213.444 2438.96		327.892 215.095 2482.36		254.211 239.867 2598.26		180.722 225.107 2618.18		0		
366.294 270.279 2388.73		366.624 213.904 2439.05		327.592 215.622 2482.4		254.416 239.602 2597.16		180.348 222.81 2615.42		0		
366.053 270.928 2387.32		366.506 214.547 2438.26		327.487 216.219 2482.05		254.579 238.064 2595.39		180.078 221.283 2615.22		0		
366.381 270.765 2385.81		366.328 214.424 2438.03		327.291 216.445 2481.25		253.508 236.209 2594.56		179.863 220.517 2619.79		0		
366.039 270.9 2385.64		366.314 214.565 2437.98		327.206 216.3 2480.14		253.629 234.029 2587		180.877 217.385 2619		0		
365.903 271.344 2385.86		366.203 214.966 2437.6		327.079 216.654 2479.6		252.86 232.758 2582.2		180.521 214.598 2616.89		0		
366.585 271.67 2384.18		366.102 215.33 2437.35		326.968 217.544 2478.75		252.554 230.58 2572.53		180.356 210.226 2604.03		0		
366.897 272.999 2382.63		366.083 216.595 2435.89		326.906 218.986 2476.8		251.801 229.33 2560.78		180.345 206.826 2594.13		0		
367.564 272.713 2383.19		366.279 216.317 2436.27		327.04 218.933 2475.7		250.418 227.758 2546.22		180.385 201.231 2577.43		0		
367.932 273.12 2383.75		366.436 216.731 2436.88		327.169 219.436 2475.56		248.115 226.266 2528.78		178.077 197.595 2554.04		0		
368.182 273.221 2383.73		366.504 216.795 2436.31		327.219 219.591 2474.73		246.339 225.104 2506.96		176.795 192.33 2525.2		0		
368.837 272.965 2382.84		366.662 216.568 2435.98		327.288 219.595 2472.37		245.677 224.695 2490.28		175.832 189.25 2495.12		0		
369.829 272.964 2383.42		366.875 216.581 2436.17		327.504 220.084 2471.85		246.806 226.513 2444.46		173.924 191.028 2411.57		0		
370.54 273.041 2383.87		367.144 216.659 2436.27		327.771 220.422 2471.49		249.422 228.412 2414.97		173.135 197.008 2346.68		0		
371.418 272.81 2386.57		367.419 216.442 2437.6		328.036 220.513 2471.56		251.153 231.455 2389.49		173.175 204.302 2293.53		0		
371.728 272.664 2388.08		367.378 216.305 2438.33		328.044 220.617 2472.63		253.452 236.107 2366.91		174.678 214.279 2247.3		0		
371.729 273.156 2388.93		367.197 216.781 2438.58		327.947 221.266 2474.16		255.991 241.227 2354.39		177.639 225.109 2212.84		0		
371.458 273.278 2389.06		366.961 216.897 2438.68		327.729 221.376 2474.57		260.297 248.685 2337.64		183.84 246.322 2169.74		0		
370.878 272.574 2389.92		366.408 216.405 2442.45		327.21 220.905 2477.57		262.939 255.883 2326.92		188.406 264.909 2145.26		0		
370.797 272.207 2390.03		366.293 216.14 2444.03		327.156 220.737 2479.7		264.552 261.22 2322.37		192.798 281.991 2135.71		0		
370.705 271.867 2390.29		366.19 215.866 2445.13		327.094 220.517 2481.15		267.154 266.719 2328.62		198.295 296.877 2146.88		0		
370.597 272.07 2389.11		366.248 216.122 2445.4		327.155 220.702 2481.59		268.791 272.245 2335.91		201.847 309.289 2163.09		0		
370.602 272.217 2388.66		366.176 216.058 2441.72		326.936 220.522 2476.2		268.922 275.753 2348.1		203.705 319.067 2191.22		0		
370.42 272.285 2387.79		366.065 216.005 2439.31		326.709 220.308 2472.36		269.915 277.795 2367.02		205.792 324.98 2227.49		0		
370.172 272.13 2386.32		366.138 215.81 2438.02		326.649 219.784 2469.1		270.097 278.988 2385.63		206.144 328.134 2270.77		0		
369.909 271.807 2384.95		366.091 215.46 2436.82		326.513 219.222 2466.65		269.195 279.511 2405.46		205.524 329.481 2311.45		0		
369.573 271.463 2383.73		365.837 215.132 2436.25		326.208 218.801 2465.14		268.541 279.891 2427.96		204.811 329.591 2354.36		0		
368.299 271.929 2380.65		365.616 215.339 2430.74		325.844 218.243 2459.53		266.618 277.776 2457.46		201.623 323.769 2411.27		0		
367.362 271.119 2379.29		365.342 214.652 2431.86		325.589 217.19 2461.25		264.549 274.491 2484.58		199.757 316.972 2471.8		0		
366.512 270.734 2378.9		365.09 214.087 2428.69		325.269 216.184 2458.19		263.474 270.993 2506.14		197.626 311.333 2504.2		0		
365.756 269.102 2380.3		364.848 212.636 2432.01		325.057 214.412 2461.21		263.416 266.699 2524.14		197.158 302.96 2539.59		0		
365.56 269.175 2379.26		364.926 212.53 2428.5		324.98 213.939 2455.28		260.655 262.029 2535.2		194.181 294.447 2571.6		0		
365.372 269.198 2378.51		364.885 212.459 2426.55		324.845 213.655 2451.68		257.962 258.362 2542.82		190.918 285.385 2600.22		0		
365.304 271.093 2375.82		365.184 214.073 2420.58		324.951 214.805 2442.85		256.362 254.168 2546.91		188.035 276.695 2618.42		0		
364.92 271.667 2375.3		365.3 214.342 2414.32		324.935 214.637 2435.86		253.619 250.26 2549.5		183.878 266.126 2626.68		0		
364.973 271.492 2375.32		365.607 214.218 2415.36		325.234 214.296 2436.14		250.633 243.088 2549.32		178.826 251.995 2623.93		0		
364.973 271.19 2375.99		365.841 213.982 2416.89		325.488 213.896 2437.58		248.532 237.533 2546.68		175.123 239.963 2612.68		0		
364.998 270.892 2375.71		366.008 213.903 2420.49		325.715 213.752 2441.32		248.611 232.788 2539.63		173.927 228.815 2592.11		0		
364.761 270.643 2377.24		365.953 213.56 2419.53		325.657 213.29 2440.79		249.178 228.753 2534.25		174.002 218.438 2567.27		0		
364.901 270.894 2378.32		365.964 213.74 2419.01		325.666 213.558 2440.52		248.132 225.605 2525.52		171.811 210.31 2542.07		0		
364.885 271.038 2379.04		365.974 214.043 2422.39		325.718 213.832 2443.41		246.278 221.287 2512.76		170.166 201.874 2520.51		0		
365.171 270.232 2380.65		366.027 213.338 2425.06		325.79 213.251 2445.18		245.24 218.344 2500.76		168.996 194.169 2497.18		0		
365.159 270.469 2381.23		366.058 213.636 2426.56		325.846 213.526 2446.72		245.48 216.205 2491.7		169.13 188.668 2477.76		0		
364.979 270.608 2381.84		366.016 213.791 2427.19		325.814 213.582 2447.3		244.723 212.685 2481.1		168.001 184.378 2458.35		0		
364.885 270.73 2383.33		365.977 213.923 2428.26		325.788 213.659 2448.13		243.938 210.796 2471.59		166.943 182.205 2444.92		0		
364.774 271.395 2384.08		366.038 214.374 2424.67		325.769 213.918 2443.64		243.478 209.837 2465.41		166.286 181.042 2434.19		0		
365.07 270.931 2384.82		366.06 213.999 2426.85		325.806 213.695 2444.98		243.174 209.359 2458.99		165.883 180.517 2426.3		0		
365.162 271.609 2384.96		366.135 214.499 2423.67		325.782 214.074 2439.35		243.262 209.143 2453.71		165.749 180.681 2417.29		0		
365.113 272.281 2384.41		366.102 214.952 2418.87		325.632 214.413 2432.39		243.167 209.018 2451.56		165.739 180.3 2410.11		0		
366.04 275.48 2381.18		365.813 218.153 2418.68		325.366 218.502 2433.43		241.615 208.575 2449.67		163.693 179.537 2403.54		0		
366.589 277.436 2377.92		365.959 220.057 2416.87		325.486 220.689 2432.03		240.227 208.441 2445.32		161.943 178.954 2404.79		0		
366.824 278.983 2375.54		366.278 221.545 2415.09		325.781 222.135 2430.91		241.468 208.684 2446.71		162.978 179.217 2404.6		0		
367.112 280.026 2373.1		366.644 222.539 2413.27		326.127 223.096 2429.79		242.483 209.571 2446.21		164.081 179.499 2404.64		0		
366.993 275.841 2378.59		366.8 218.697 2421.49		326.387 219.007 2436.43		242.953 210.78 2448.35		164.859 179.622 2406.25		0		
366.648 273.439 2380.66		366.77 216.666 2428.35		326.449 216.698 2442.05		243.213 211.354 2447.87		165.254 179.74 2404.14		0		
366.218 272.229 2383.45		366.685 215.449 2429.45		326.367 215.19 2442		244.602 212.665 2447.06		166.591 180.549 2402.29		0		
366.034 271.937 2384.14		366.687 215.125 2429.2		326.346 214.663 2440.32		244.901 213.147 2446.19		166.549 180.831 2401.38		0		
365.767 270.94 2385.57		366.62 214.321 2432.98		326.342 213.714 2444.09		244.466 213.22 2443.52		166.288 180.351 2402.28		0		
365.79 270.151 2387.12		366.489 213.647 2435.7		326.253 213.143 2446.71		244.639 213.388 2441.18		166.193 180.675 2392.69		0		
365.76 269.959 2387.69		366.289 213.511 2437.02		326.073 213.126 2448		244.77 213.549 2437.93		165.802 181.346 2379.81		0		
365.524 270.569 2387.48		366.306 213.935 2433.77		326.033 213.349 2444.17		244.692 214.466 2432.12		165.63 181.798 2366.58		0		
365.294 270.361 2388		366.162 213.826 2435.72		325.924 213.18 2446.2		245.236 215.178 2425.94		165.342 184.585 2359.8		0		
365.125 270.795 2388.25		365.854 214.125 2433.74		325.587 213.608 2444.61		245.225 216.167 2418.15		165.474 186.287 2349.27		0		
364.913 270.761 2388.37		365.66 214.004 2432.25		325.373 213.501 2443.46		245.107 217.77 2409.97		165.806 187.632 2331.71		0		
364.992 270.55 2389.25		365.675 213.754 2432		325.38 213.288 2442.99		246.39 218.94 2400.27		167.052 190.427 2312.15		0		
364.866 270.219 2390.9		365.545 213.611 2436.21		325.329 213.182 2447.87		246.658 221.538 2390.11		166.933 193.857 2292.3		0		
364.436 269.242 2393.7		365.089 212.942 2442.79		325.055 212.777 2458.24		247.611 226.92 2371.91		167.321 203.499 2247.03		0		
364.72 270.651 2392.47		365.14 214.179 2439.75		325.169 214.415 2459.83		250.193 233.497 2355.04		170.293 220.179 2198.27		0		
367.697 276.168 2381.19		368.232 219.335 2428.61		328.059 219.444 2449.29		253.59 240.491 2347.67		175.339 235.093 2167.21		0		
368.75 280.941 2376.97		370.753 223.666 2417.74		330.351 222.53 2435.51		255.462 247.157 2335.31		179.281 248.104 2142.81		0		
369.072 276.437 2385.3		368.842 219.191 2421.54		328.468 219.538 2436.97		258.641 253.092 2335.31		185.007 259.852 2129.69		0		
368.127 274.37 2388		367.369 217.308 2426.92		327.093 218.086 2443.16		261.619 258.347 2337.29		190.625 271.721 2125.49		0		
367.439 274.281 2388.12		366.46 217.29 2428.8		326.265 218.346 2447.28		264.943 266.216 2342.4		198.719 291.758 2127.5		0		
366.599 273.086 2388.32		365.527 216.349 2433.41		325.452 217.597 2453.47		267.309 272.333 2347.09		205.517 306.818 2132.45		0		
366.246 272.042 2388.8		365.073 215.416 2435.49		325.13 216.929 2458.63		273.367 275.231 2373.68		216.813 319.13 2173.88		0		
365.906 271.253 2388.6		364.735 214.703 2436.52		324.891 216.374 2462.09		276.431 280.041 2388.59		222.275 329.769 2204.81		0		
365.539 270.512 2388.17		364.209 214.057 2437.65		324.481 216.01 2465.57		276.339 284.658 2400.36		225.305 341.085 2246.41		0		
365.245 270.412 2387.73		363.92 213.78 2434.28		324.224 215.797 2464.31		275.912 286.913 2417.53		226.986 347.481 2283.6		0		
364.782 269.746 2387.33		363.464 213.228 2435.8		323.906 215.433 2468.26		275.725 287.718 2442.36		226.579 349.75 2338.22		0		
364.441 269.9 2386.42		363.272 213.209 2432.34		323.735 215.353 2466.54		275.107 287.279 2463.36		224.265 349.04 2375.86		0		
364.066 269.79 2385.09		363.11 213.241 2433.92		323.658 215.387 2469.4		274.356 285.853 2478.41		221.86 347.557 2413.34		0		
363.664 269.815 2384.93		362.899 213.159 2432.06		323.462 215.193 2468.53		274.887 283.438 2493.83		220.423 343.516 2447.96		0		
363.172 268.68 2385.75		362.486 212.157 2434.44		323.193 214.308 2472.78		275.228 281.715 2507.61		216.983 338.165 2469.86		0		
363.281 269.206 2383.78		362.77 212.53 2430.84		323.386 214.49 2468.8		274.387 278.361 2523.57		214.292 331.2 2500.74		0		
363.726 269.963 2382.92		363.045 212.992 2425.13		323.492 214.864 2461.68		273.794 276.146 2534.45		210.028 323.766 2521.09		0		
363.648 269.783 2380.82		363.044 212.876 2425.13		323.434 214.683 2460.58		272.282 273.494 2546.63		206.776 315.802 2547.42		0		
363.828 269.705 2380.33		363.211 212.827 2425.42		323.59 214.645 2460.61		270.056 271.12 2558.59		202.078 307.924 2562.12		0		
363.725 269.849 2378.92		363.185 212.999 2425.15		323.559 214.788 2460.34		268.449 267.966 2565.34		198.471 298.875 2581.3		0		
363.721 269.585 2378.24		363.25 212.751 2424.96		323.637 214.529 2460.53		266.219 265.43 2575.06		194.361 288.457 2594.62		0		
363.646 269.674 2377.66		363.268 212.864 2425.05		323.648 214.586 2460.5		265.394 262.328 2581.16		191.977 279.235 2604.3		0		
363.713 269.397 2377.58		363.256 212.603 2425.2		323.612 214.354 2460.06		263.486 259.34 2580.95		189.773 269.496 2613.43		0		
363.827 269.521 2377.42		363.302 212.716 2424.97		323.649 214.502 2459.71		259.849 255.597 2576.64		185.817 258.381 2615.21		0		
363.797 269.671 2377.69		363.262 212.844 2424.81		323.604 214.623 2459.49		258.155 251.945 2574.29		183.73 248.108 2611.14		0		
363.588 271.218 2375.94		362.955 214.207 2421.06		323.204 215.952 2454.94		256.537 248.429 2567.73		181.973 238.138 2600.6		0		
363.273 271.696 2376.24		362.874 214.743 2422.38		323.114 216.31 2455.69		254.601 244.052 2559.97		181.086 224.947 2581.9		0		
362.87 271.807 2376.97		362.778 214.712 2420.15		322.952 215.984 2452.96		251.43 239.191 2549.06		178.864 213.688 2564.41		0		
362.632 271.751 2377.44		362.94 214.802 2422.92		323.141 215.828 2455.47		248.916 235.2 2539.09		177.432 204.079 2544.77		0		
362.402 271.93 2378.19		363.09 214.832 2420.5		323.202 215.482 2452.01		246.903 231.738 2526.44		175.594 197.132 2522.62		0		
362.827 271.639 2378.25		363.314 214.49 2419.63		323.368 215.211 2450.18		246.362 228.661 2513.47		175.464 191.563 2499.22		0		
362.91 271.174 2379.36		363.353 213.992 2419.52		323.342 214.648 2448.51		246.248 227.08 2501.48		175.358 188.757 2477.29		0		
363.172 270.957 2381.3		363.66 213.801 2420.99		323.627 214.362 2448.93		245.016 225.145 2487.16		175.003 184.426 2452.32		0		
363.429 270.935 2382.64		363.781 213.777 2421.72		323.723 214.373 2448.71		244.39 224.154 2473.89		174.699 182.516 2428.19		0		
363.675 270.563 2382.91		363.951 213.399 2421.67		323.84 213.972 2447.2		244.406 223.401 2459.69		174.588 181.576 2404.71		0		
363.684 270.269 2383.08		363.951 213.254 2424.51		323.873 213.847 2449.67		243.835 221.683 2445.57		172.708 181.539 2382.01		0		
363.678 271.006 2383.01		363.976 214.071 2426.2		323.907 214.625 2450.79		243.203 220.627 2435.66		171.382 181.499 2365.36		0		
363.912 270.605 2383.36		364.065 213.712 2427.11		323.995 214.351 2451.26		242.85 220.027 2429.63		170.546 182.023 2349.67		0		
364.039 270.041 2383.92		364.188 213.186 2427.96		324.082 213.743 2450.46		242.917 219.936 2425.15		170.342 183.064 2342.08		0		
363.908 270.136 2384.27		363.946 213.318 2428.88		323.839 213.927 2450.79		242.618 219.699 2419.33		169.363 184.605 2335.61		0		
363.761 270.458 2383.94		363.963 213.662 2429.15		323.83 214.102 2450.03		241.821 219.129 2415.46		168.704 184.355 2332.61		0		
363.804 270.531 2382.68		363.947 213.709 2428		323.763 214.121 2447.64		241.126 218.773 2412.64		167.425 185.89 2327.29		0		
363.786 270.144 2383		363.907 213.337 2428.35		323.689 213.678 2446.36		240.529 218.434 2408.67		166.66 186.703 2319.25		0		
363.928 270.022 2383.98		363.862 213.213 2428.89		323.632 213.632 2445.97		239.989 218.131 2407.99		166.233 187.125 2319.62		0		
364.091 270.023 2384.24		363.955 213.206 2428.91		323.701 213.612 2444.9		239.76 217.991 2408.08		166.536 186.726 2321.82		0		
363.892 270.26 2382.84		363.809 213.661 2431.74		323.596 214.024 2447.46		239.776 218.002 2408.47		167.107 186.467 2321.85		0		
363.684 270.508 2382.1		363.703 213.816 2429.85		323.453 214.088 2445.28		239.9 218.096 2407.88		168.104 185.672 2323.44		0		
363.478 271.498 2381.02		363.587 214.754 2428.67		323.312 214.94 2443.76		238.742 217.422 2404.5		167.04 184.51 2314.51		0		
363.09 270.839 2381.91		363.307 214.282 2432.05		323.108 214.465 2448.1		238.596 217.363 2403.34		166.247 185.959 2318.4		0		
363.065 270.655 2381.84		363.286 214.178 2433.27		323.108 214.363 2449.33		238.272 217.554 2401.56		165.954 186.725 2320.72		0		
363.118 270.393 2382.33		363.249 213.951 2434.09		323.085 214.206 2450.21		238.228 217.349 2399.4		166.07 186.097 2312.04		0		
363.045 270.427 2381.9		363.198 213.815 2431.02		322.983 214.044 2447.1		238.447 217.351 2399.48		166.863 184.998 2313.19		0		
363.249 272.08 2380.1		363.143 215.307 2427.86		322.867 215.675 2443.44		238.676 217.448 2397.93		167.804 184.014 2316.23		0		
363.656 272.05 2379.58		363.202 215.219 2426.59		322.893 215.789 2441.48		238.885 217.524 2397.6		168.328 183.49 2315.08		0		
363.646 272.041 2379.22		363.268 215.212 2426.44		322.94 215.679 2440.48		239.048 217.921 2399.46		168.737 184.125 2315.98		0		
363.49 271.591 2381.02		363.193 214.755 2427.2		322.888 215.199 2441.82		239.169 217.852 2399.08		168.201 185.168 2312.12		0		
363.155 271.398 2380.94		363.198 214.789 2430.77		322.959 215.027 2445.78		238.715 218.507 2397.61		167.189 186.36 2309.24		0		
363.002 271.458 2380.92		363.276 214.732 2428.79		323.011 214.825 2444.18		238.002 217.857 2397.72		166.094 184.912 2302.09		0		
362.695 271.476 2381.27		363.187 214.896 2431.37		322.98 214.886 2447.46		238.316 218.244 2397.93		165.93 185.058 2300.37		0		
362.705 270.926 2381.13		363.111 214.245 2429.49		322.862 214.266 2445.09		238.143 218.062 2397.2		165.33 184.169 2296.71		0		
362.991 270.736 2381.47		363.296 213.996 2428.69		323.008 214.007 2442.95		238.678 218.822 2396.64		165.986 184.272 2298.84		0		
362.912 270.64 2381.18		362.906 214.119 2432.12		322.681 214.376 2446.65		238.435 218.957 2394.28		165.693 184.015 2294.13		0		
362.956 270.412 2380.58		362.918 214.005 2433.51		322.709 214.262 2447.67		237.927 218.657 2393.06		165.136 183.574 2287.87		0		
363.214 270.047 2379.54		363.213 213.675 2433.31		322.979 213.829 2446.32		238.446 219.041 2391.95		165.422 184.358 2288.89		0		
363.181 270.524 2379.68		363.351 213.937 2430.05		323.042 213.887 2441.66		239.49 219.445 2386.31		165.73 186.069 2285.46		0		
362.953 270.85 2380.15		363.227 214.367 2432.1		322.957 214.258 2444.03		239.814 219.931 2383.28		166.062 187.025 2278.41		0		
362.58 269.49 2382.55		363.077 213.299 2437.57		322.921 213.137 2450.93		240.091 220.138 2376.88		166.457 187.522 2271.31		0		
363.094 269.637 2384.95		363.393 213.119 2433.81		323.172 213.085 2447.15		240.148 221.18 2366.05		166.735 187.786 2255.46		0		
363.147 269.915 2383.91		363.162 213.472 2434.74		322.975 213.7 2449.05		241.269 222.328 2356.54		167.706 190.185 2233.81		0		
364.082 269.599 2384.19		363.44 213.173 2435.24		323.238 213.764 2448.04		240.909 223.97 2343.94		167.528 193.184 2209.33		0		
364.756 269.484 2384.91		363.775 213.052 2435.65		323.566 213.819 2447.53		241.303 227.022 2329.48		167.074 198.712 2182.6		0		
365.137 269.833 2384.98		364.142 213.411 2436.03		323.935 214.179 2447.89		244.034 230.105 2320.95		169.734 205.728 2164.08		0		
365.23 270.076 2385.44		364.195 213.657 2436.48		324.009 214.499 2449.12		247.069 235.086 2314.61		173.16 214.41 2143.65		0		
365.209 270.332 2386.14		364.096 213.894 2436.69		323.929 214.841 2450.18		248.421 237.984 2303.75		175.093 225.213 2119.29		0		
365.082 270.592 2386.53		363.95 214.144 2436.87		323.802 215.157 2451.21		251.028 243.051 2296.4		178.555 237.376 2101.45		0		
364.697 270.049 2388.02		363.56 213.622 2437.95		323.433 214.649 2452.34		253.421 248.793 2288.16		183.313 250.989 2084.4		0		
364.219 270.527 2387.62		363.379 214.096 2437.78		323.286 215.022 2453.95		256.011 254.582 2283.79		188.063 264.299 2069.19		0		
363.905 271.003 2387.24		363.212 214.551 2437.37		323.163 215.501 2455.66		258.372 260.493 2280.72		192.563 278.769 2058.84		0		
363.648 271.08 2386.68		363.032 214.632 2437.12		323 215.587 2456.3		261.324 266.311 2280.9		198.319 292.952 2056.33		0		
363.313 271.193 2387.11		362.7 214.758 2437.65		322.705 215.774 2457.8		264.774 271.826 2287.27		205.567 307.015 2066.76		0		
363.144 271.451 2386.36		362.468 215.002 2437.05		322.498 216.131 2458.32		268.527 276.964 2294.69		212.39 320.789 2085.27		0		
362.668 271.098 2386.99		362.041 214.62 2436.83		322.093 215.758 2458.83		273.852 278.282 2317.73		221.278 327.219 2115.09		0		
362.286 270.692 2387.3		361.679 214.246 2437.4		321.755 215.409 2459.84		275.824 281.572 2330.98		225.356 335.334 2139.51		0		
362.192 270.372 2387.97		361.75 213.736 2434.35		321.774 214.752 2456.83		275.797 285.278 2341.76		227.015 343.742 2168.75		0		
362.143 269.702 2387.09		361.631 213.167 2435.38		321.689 214.285 2458.29		275.102 288.455 2353.26		227.156 350.465 2197.05		0		
362.212 268.913 2387.49		361.539 212.454 2436.66		321.617 213.695 2459.48		274.442 290.425 2371.11		226.659 354.79 2231.53		0		
362.646 269.473 2385.87		361.705 212.816 2432.46		321.71 214.195 2455.03		274.074 290.239 2388.81		223.792 354.862 2269.15		0		
362.556 269.254 2385.26		361.626 212.707 2433.92		321.677 214.142 2457.13		272.18 288.41 2406.52		221.14 353.61 2304.45		0		
362.819 269.495 2383.36		361.798 212.81 2430.53		321.757 214.223 2452.58		274.435 283.607 2429.42		220.411 345.88 2341.99		0		
363.093 270.178 2382.53		361.753 213.406 2428.72		321.654 214.959 2449.6		274.006 279.413 2448.37		218.023 339.356 2373.1		0		
363.38 270.459 2381.94		361.974 213.661 2428.03		321.85 215.231 2448.52		271.421 279.402 2461.07		212.379 335.216 2412.08		0		
363.535 270.389 2380.94		362.069 213.566 2426.98		321.926 215.172 2447.39		267.761 277.792 2473.09		207.464 331.52 2443.38		0		
363.512 270.026 2380.76		362.227 213.225 2427.19		322.074 214.693 2447.31		264.624 274.938 2485.89		202.048 324.869 2466.57		0		
363.784 270.215 2380.12		362.605 213.406 2426.73		322.419 214.752 2446.11		261.022 271.919 2492.95		196.326 317.34 2494.36		0		
363.996 269.948 2379.17		362.624 213.17 2426.59		322.426 214.632 2445.5		259.529 268.615 2507.38		191.798 308.992 2511.02		0		
363.85 270.52 2378.24		362.683 213.519 2422.22		322.357 214.702 2438.92		256.503 265.842 2514.72		185.972 300.422 2529.26		0		
363.84 270.8 2377.27		362.831 213.661 2419.26		322.423 214.654 2434.67		256.17 261.677 2522.21		182.931 289.77 2538.24		0		
363.862 270.744 2377.31		362.894 213.564 2418.51		322.462 214.501 2433.51		253.803 257.782 2524.14		178.795 279.889 2535.76		0		
366.143 274.728 2370.19		364.842 217.521 2415.24		324.353 218.666 2430.51		252.195 253.449 2520.64		175.44 270.157 2535.27		0		
367.607 279.505 2358.13		366.215 221.974 2404.24		325.521 223.1 2418.82		249.026 249.528 2516.69		171.58 260.438 2531.23		0		
367.886 282.531 2353.18		367.023 224.668 2396.22		326.171 225.366 2410.18		247.463 245.287 2510.42		168.841 250.874 2525.03		0		
367.017 276.062 2365.23		365.946 218.942 2414.16		325.402 219.828 2428.02		246.919 242.165 2504.95		167.423 240.458 2515.37		0		
365.723 273.334 2371.85		365.089 216.376 2420.1		324.634 216.949 2433.36		245.961 238.439 2492.53		166.867 231.134 2496.84		0		
364.986 271.973 2375.25		364.594 215.101 2423.22		324.184 215.489 2436		243.36 235.176 2482.43		164.228 222.447 2480.78		0		
364.446 270.829 2378.13		364.487 214.047 2426.04		324.107 214.07 2437.66		241.384 230.21 2464.13		162.058 211.966 2449.35		0		
363.956 269.876 2381.55		364.225 213.302 2431.22		323.932 213.171 2442.87		239.851 226.928 2447.02		160.009 203.963 2422.98		0		
363.964 270.221 2382.42		364.257 213.524 2429.79		323.918 213.277 2439.62		239.07 224.018 2425.7		158.778 196.232 2380.14		0		
363.902 270.549 2383.39		364.222 213.776 2429.18		323.854 213.407 2437.09		238.938 221.799 2412.6		158.278 191.922 2345.03		0		
363.776 270.478 2385.32		364.049 213.68 2429.88		323.686 213.313 2437.11		239.881 221.202 2403.71		159.165 190.443 2319.73		0		
363.673 270.175 2386.94		363.97 213.376 2430.7		323.611 212.924 2436.58		240.193 221.621 2395.78		159.859 188.454 2306.02		0		
363.138 271.557 2385.47		363.699 214.74 2429.88		323.331 214.115 2436.1		240.026 220.87 2388.55		159.288 188.016 2291.02		0		
362.655 270.232 2387.63		363.359 213.614 2434.15		323.072 212.949 2441.5		240.121 220.586 2384.33		159.684 187.176 2277.58		0		
362.415 269.455 2389.54		363.382 213.011 2437.86		323.159 212.135 2444.96		240.32 220.47 2380.06		160.039 186.766 2273.25		0		
362.518 270.68 2386.81		363.667 214.071 2433.73		323.369 212.928 2438.36		240.888 220.692 2379.58		160.538 187.827 2273.52		0		
362.469 270.405 2387.89		363.475 213.91 2436.31		323.215 212.863 2441.05		240.41 221.194 2375.87		160.005 188.036 2266.78		0		
362.694 270.203 2388.6		363.537 213.759 2437.62		323.291 212.756 2441.32		240.55 221.739 2376.07		160.429 187.549 2269.27		0		
362.772 271.687 2388		363.37 215.032 2434.21		323.063 214.231 2437.96		242.168 222.818 2379.55		162.829 188.041 2271.6		0		
362.928 272.065 2386.29		363.12 215.333 2432.14		322.773 214.776 2435.03		241.681 222.542 2378.49		161.749 188.23 2271.51		0		
362.998 271.632 2387.23		362.888 214.87 2432.09		322.535 214.496 2434.19		241.031 222.25 2378.2		160.556 188.205 2270.06		0		
362.646 270.951 2388.52		362.532 214.166 2432.21		322.18 213.806 2434.2		240.577 222.056 2377.75		159.753 188.156 2269.4		0		
362.484 272.012 2387.43		362.385 215.178 2431.07		322.018 214.871 2434.21		240.337 221.942 2374.96		159.282 188.113 2270.97		0		
362.458 271.924 2387.98		362.286 215.087 2431.32		321.922 214.835 2434.45		240.11 221.975 2373.28		158.939 188.097 2273.99		0		
362.387 271.291 2388.66		362.12 214.521 2432.75		321.778 214.312 2435.52		239.91 221.892 2373.52		158.738 188.08 2274.45		0		
362.142 271.087 2388.24		361.989 214.474 2435.15		321.689 214.183 2438.33		239.908 222.325 2370.53		158.639 188.075 2272.59		0		
362.305 271.993 2386.84		362.251 215.267 2432.65		321.909 214.891 2435.45		239.8 222.073 2372.08		158.666 188.059 2269.4		0		
363.727 275.779 2379.43		363.522 218.822 2425.55		323.058 218.486 2427.62		239.721 221.995 2371.63		158.714 188.062 2267.98		0		
363.694 273.591 2382.99		363.325 216.877 2431.16		322.955 216.562 2431.94		240.241 222.101 2376.44		159.647 187.526 2268.12		0		
363.487 271.82 2385.8		362.85 215.227 2434.38		322.532 215.106 2435.17		240.797 222.225 2377.78		160.386 187.322 2265.75		0		
363.108 271.02 2386.2		362.55 214.516 2435.85		322.257 214.382 2437.47		240.724 222.196 2376.9		159.888 187.721 2265.35		0		
362.806 273.252 2384.34		362.069 216.492 2431.05		321.724 216.727 2436.52		240.333 222.079 2373.6		159.449 187.912 2262.65		0		
362.337 274.837 2381.76		361.523 217.965 2428.13		321.135 218.327 2434.72		240.524 222.244 2372.89		160.072 187.471 2263.17		0		
363.487 277.853 2376.13		362.061 220.789 2422.37		321.571 221.51 2427.85		242.025 223.103 2377.67		162.654 187.989 2264		0		
362.97 273.899 2379.58		362.06 217.417 2432.64		321.728 217.606 2436.26		243.506 223.396 2382.68		164.578 188.466 2267.73		0		
363.002 270.964 2382.4		362.276 214.813 2438.67		322.036 214.726 2440.49		242.659 222.895 2380.39		162.834 188.487 2268.97		0		
362.745 270.688 2384.61		362.216 214.424 2438.39		321.971 214.285 2441.04		241.61 222.56 2378.35		161.178 188.353 2266.2		0		
362.584 270.017 2385.63		362.184 213.709 2438.22		321.932 213.457 2440.2		240.904 222.312 2375.78		160.101 188.226 2266.81		0		
362.562 270.243 2386.36		362.206 213.894 2438.13		321.952 213.592 2439.67		240.368 222.147 2375.03		159.495 188.161 2265.01		0		
362.517 270.5 2386.04		362.096 214.132 2437.77		321.835 213.887 2439.44		240.076 222.059 2373.36		159.173 188.116 2267.74		0		
362.38 271.584 2385.61		362.127 214.96 2433.5		321.796 214.655 2435.47		240.331 222.116 2373.87		159.813 187.567 2268.05		0		
362.236 272.912 2383.5		361.731 216.191 2431.12		321.363 216.125 2434.02		240.107 222.076 2373.84		159.503 187.839 2267.28		0		
361.626 273.445 2382.47		361.908 216.658 2429.31		321.518 216.029 2431.97		239.896 222.041 2373.45		159.198 187.963 2269.21		0		
361.506 273.542 2382.56		362.182 216.71 2428.49		321.782 215.794 2430.9		239.809 221.931 2373.55		158.988 188.016 2273.38		0		
361.56 273.034 2383.74		362.097 216.187 2428.83		321.698 215.368 2431.03		239.666 221.897 2373.49		158.788 188.05 2271.93		0		
361.748 274.485 2379.38		361.963 217.7 2427.89		321.554 217.196 2432.07		239.72 221.899 2373.46		158.741 188.054 2274.09		0		
361.493 273.462 2382.76		361.901 216.638 2428.8		321.504 215.977 2432.22		239.755 221.866 2372.71		158.653 188.055 2273.68		0		
