337.458 277.045 2434.26		336.981 227.527 2468.88		302.005 227.949 2474.8		265.119 196.943 2263.61		278 132 2327		0		
336.821 269.944 2446.51		335.767 221.044 2486.25		301.068 221.969 2493.15		266.529 197.414 2274.82		276.593 132.597 2337.56		0		
336.429 266.259 2452.98		335.17 217.679 2495.21		300.618 218.817 2502.93		267.318 198.351 2280.48		275.712 132.827 2337.08		0		
336.298 264.736 2456.4		334.901 216.309 2499.75		300.426 217.587 2508.05		267.734 198.789 2285.5		275.345 133.026 2339.67		0		
336.285 263.902 2457.72		334.857 215.561 2501.91		300.422 216.89 2510.61		267.871 198.609 2287.81		275.837 132.857 2341.19		0		
336.263 262.886 2458.25		334.846 214.871 2507.11		300.472 216.192 2515.37		267.424 199.454 2286.74		276.937 133.57 2342.02		0		
336.27 262.235 2458.93		334.794 214.355 2509.54		300.437 215.672 2516.93		267.759 199.409 2286.6		277.533 133.666 2346.22		0		
336.218 262.407 2460.69		334.661 214.365 2508.27		300.285 215.718 2515.51		267.796 198.622 2288.57		277.895 133.44 2354.44		0		
336.197 262.63 2459.9		334.811 214.511 2506.71		300.397 215.702 2513.34		267.85 198.482 2289.4		278.129 133.268 2355.29		0		
336.132 262.664 2459.16		334.773 214.515 2505.75		300.332 215.646 2511.71		267.59 198.045 2290.3		278.245 133.046 2359.73		0		
336.106 262.51 2458.8		334.719 214.337 2505.08		300.255 215.438 2510.23		266.53 197.59 2295.36		278.424 132.696 2368.57		0		
336.285 263.064 2458.23		334.873 214.86 2504.35		300.368 215.84 2507.25		264.872 202.101 2301.39		277.669 135.291 2352.68		0		
336.342 263.212 2458		334.876 214.81 2500.78		300.317 215.818 2503.45		263.527 204.452 2309.37		277.157 137.617 2353.61		0		
336.337 263.017 2457.76		335.177 214.48 2498.25		300.562 215.189 2499.36		260.115 205.994 2318.74		276.786 139.001 2352.66		0		
336.32 262.726 2457.65		335.39 214.12 2496.96		300.745 214.619 2497.18		257.062 206.805 2331.1		276.537 140.818 2362.18		0		
336.4 262.695 2455.4		335.519 214.062 2495.04		300.842 214.504 2494.94		252.511 209.061 2344.87		275.403 143.759 2367.7		0		
336.164 261.847 2450.14		335.824 213.287 2492.63		301.114 213.346 2492.82		246.677 209.935 2379.17		274.672 146.694 2368.24		0		
336.157 261.646 2445.58		336.109 212.707 2482.46		301.26 212.597 2483.03		242.812 211.828 2415.07		272.889 150.127 2372.9		0		
336.111 261.392 2440.62		336.15 212.468 2479.71		301.26 212.281 2480.15		241.249 214.051 2450.34		269.263 152.604 2380.93		0		
336.155 261.452 2437.02		336.406 212.326 2473.7		301.434 212.014 2474.47		241.112 214.954 2480.75		266.985 154.171 2388.08		0		
336.467 261.293 2433.77		337.033 211.896 2466.04		301.961 211.399 2467.4		241.675 216.842 2506.75		262.368 154.693 2407.21		0		
336.618 261.429 2429.13		337.139 211.875 2460.25		302.004 211.494 2463.37		243.381 217.926 2535.47		258.705 154.715 2438.31		0		
336.591 261.792 2427.49		337.079 212.035 2454.8		301.872 211.708 2458.51		244.586 218.719 2557.75		253.693 154.781 2465.72		0		
336.605 261.945 2425.39		337.062 212.063 2450.84		301.804 211.78 2455.04		245.494 219.253 2573.56		250.972 154.991 2495.88		0		
336.485 262.135 2423.31		336.872 212.206 2448.8		301.587 211.984 2453.23		245.751 219.239 2585.66		249.489 155.203 2517.29		0		
336.55 262.192 2421.67		336.9 212.222 2447.05		301.596 212.046 2451.98		245.694 218.948 2593.53		248.722 155.322 2528.45		0		
336.573 262.154 2421.65		336.884 212.153 2446.29		301.58 212.03 2451.89		245.202 218.607 2595.8		248.351 155.377 2537.03		0		
336.565 262.527 2421.31		336.871 212.403 2442.76		301.521 212.29 2448.69		244.439 218.244 2595.72		248.193 155.42 2541.04		0		
336.428 261.982 2421.97		336.74 211.914 2444.54		301.427 211.823 2451.03		243.975 217.948 2592.8		248.146 155.439 2543.39		0		
336.456 262.274 2421.17		336.664 212.236 2445.12		301.369 212.243 2452.15		243.656 217.69 2588.41		248.122 155.464 2538.92		0		
336.804 262.674 2420.53		336.876 212.647 2445.22		301.605 212.793 2453.42		243.243 217.905 2584		248.131 155.481 2538.59		0		
336.986 262.918 2420.47		337.01 212.886 2445.18		301.751 213.087 2454		242.913 218.156 2575.28		248.136 155.487 2537.42		0		
337.123 262.927 2421.39		336.901 212.937 2446.7		301.662 213.309 2455.41		242.978 218.367 2570.72		248.127 155.486 2531.88		0		
337.269 262.946 2421.52		336.943 212.958 2446.84		301.706 213.403 2455.55		242.836 218.571 2564.86		248.115 155.502 2526.61		0		
337.362 262.707 2421.94		336.984 212.715 2446.86		301.747 213.194 2455.56		242.788 218.758 2560.26		248.11 155.512 2523.1		0		
337.67 262.888 2422.9		337.237 212.91 2447.73		302.01 213.422 2456.35		242.86 218.881 2558.1		248.099 155.524 2516.36		0		
337.856 263.092 2421.99		337.456 213.238 2450.24		302.25 213.707 2458.13		242.788 219.019 2552.34		248.121 155.526 2517.12		0		
337.935 263.048 2421.76		337.473 213.268 2451.83		302.28 213.763 2459.2		242.835 219.115 2547.97		248.111 155.53 2513.67		0		
337.992 263.046 2421.83		337.503 213.297 2452.62		302.316 213.8 2459.67		242.861 219.123 2544.21		248.103 155.531 2509.15		0		
337.995 262.638 2422.12		337.414 212.92 2453.34		302.23 213.47 2459.93		242.792 219.131 2542.9		248.1 155.533 2507.11		0		
338.142 262.356 2422.16		337.51 212.654 2453.67		302.329 213.239 2460.2		242.753 219.161 2540.48		248.107 155.54 2505.68		0		
338.052 262.149 2423.25		337.578 212.438 2454.04		302.407 212.925 2460.91		242.846 219.12 2541.1		248.109 155.538 2508.07		0		
338.422 262.614 2423.19		337.773 212.908 2454.24		302.625 213.56 2462.06		242.662 217.775 2538.09		249.154 154.011 2500.46		0		
338.432 262.51 2424.26		338.068 212.686 2451.96		302.888 213.134 2460.03		242.616 216.989 2537.24		249.92 152.865 2493.83		0		
338.419 262.583 2424.93		338.289 212.672 2450.16		303.086 212.952 2458.42		242.903 218.3 2537.41		249.238 153.844 2492.03		0		
338.54 263.463 2424.25		338.666 213.499 2448.75		303.444 213.598 2457.19		242.91 217.877 2534.97		249.77 153.07 2490.33		0		
338.648 263.648 2423.96		338.96 213.654 2447.89		303.723 213.617 2456.29		243.197 218.996 2535.97		249.094 154.011 2493.31		0		
338.681 263.631 2423.97		339.206 213.629 2447.61		303.965 213.439 2455.96		243.288 219.754 2534.09		248.601 154.732 2494.91		0		
338.964 263.819 2423.79		339.601 213.828 2447.85		304.361 213.555 2456.14		243.468 220.097 2535.12		248.331 155.145 2493.88		0		
339.049 263.395 2424.87		339.845 213.526 2451.25		304.642 213.119 2458.85		243.389 218.909 2533.86		249.24 153.831 2489.85		0		
339.02 263.338 2424.76		339.833 213.55 2453.11		304.641 213.094 2459.74		243.438 218.073 2533.16		250.968 152.827 2488.61		0		
339.182 263.46 2424.69		339.953 213.717 2454.21		304.764 213.261 2460.15		243.499 217.806 2529.5		251.994 152.197 2489.91		0		
339.529 263.316 2424.91		340.272 213.607 2455.09		305.092 213.162 2460.85		243.836 219.085 2526.94		252.014 153.306 2491.23		0		
339.696 262.983 2425.38		340.425 213.294 2455.73		305.252 212.855 2461.41		243.788 220.021 2525.83		251.802 154.151 2485.91		0		
340.018 263.148 2425.42		340.837 213.448 2455.52		305.669 212.965 2461.72		244.141 220.699 2521.6		252.691 154.925 2478.12		0		
340.164 263.27 2425.68		341.011 213.579 2455.88		305.848 213.075 2462.07		244.427 221.188 2517.5		253.175 155.336 2472.98		0		
340.358 263.379 2426.13		341.29 213.693 2456.22		306.132 213.127 2462.44		244.846 222.179 2517.15		251.88 156.107 2471.22		0		
340.66 263.665 2425.16		341.57 213.972 2455.63		306.4 213.41 2461.64		245.262 222.877 2516.25		251.067 156.712 2469.32		0		
340.688 263.44 2426.19		341.924 213.764 2456.29		306.783 213.012 2463.25		245.392 222.843 2515.98		249.696 156.584 2467.67		0		
340.527 262.51 2426.59		342.054 213.057 2460.62		306.987 212.129 2468.03		245.788 223.112 2516.61		249.919 156.946 2467.53		0		
340.56 262.028 2427.17		342.356 212.667 2462.53		307.335 211.596 2470.82		245.759 223.265 2517.4		250.034 157.205 2467.45		0		
340.668 261.566 2428.16		342.673 212.256 2463.88		307.68 211.054 2472.48		245.808 223.519 2516.47		250.108 157.333 2467.79		0		
340.925 261.837 2428.49		342.95 212.543 2464.48		307.973 211.347 2473.58		245.569 223.576 2516.84		250.126 157.416 2467.54		0		
341.03 262.707 2428.5		343.222 213.417 2464.67		308.288 212.195 2475.59		245.479 223.687 2516.62		250.159 157.457 2466.18		0		
341.016 262.381 2430.04		343.392 212.96 2462.49		308.436 211.599 2473.62		245.767 224.59 2516.09		250.525 158.411 2461.78		0		
341.337 262.419 2430.02		343.735 212.914 2460.73		308.78 211.582 2473.09		245.939 225.363 2514.81		250.601 159.163 2460.44		0		
342.301 262.766 2430.07		344.109 213.223 2460.62		309.144 212.313 2473.3		246.08 224.827 2512.39		252.231 158.582 2459.29		0		
342.904 263.155 2430.17		344.484 213.546 2459.52		309.5 212.787 2472.33		246.608 224.416 2509.92		253.294 157.702 2457.69		0		
343.621 263.254 2429.95		344.915 213.613 2458.96		309.909 213.04 2471.54		246.991 224.356 2505.49		254.065 156.973 2454.71		0		
344.489 263.402 2430.25		345.07 213.788 2460.1		310.028 213.609 2470.28		247.675 224.661 2503.93		256.043 156.832 2455.88		0		
345.072 263.988 2432.01		344.978 214.354 2460.86		309.982 214.706 2472.61		248.201 224.612 2499.78		257.079 156.739 2456.86		0		
345.485 264.126 2431.5		344.996 214.436 2459.34		309.982 215.066 2471.29		248.229 221.274 2493.18		260.71 153.637 2454.28		0		
346.066 263.804 2433.98		345.073 214.103 2460.06		310.091 215.101 2472.69		248.464 218.824 2489.27		262.777 151.137 2456.87		0		
346.78 263.049 2434.6		345.503 213.34 2459.9		310.497 214.497 2471.56		248.654 217.456 2484.8		263.83 149.759 2459.99		0		
346.711 262.874 2434.41		345.471 213.177 2460.16		310.458 214.296 2471.43		249.392 215.923 2482.31		267.42 149.11 2466.99		0		
346.474 262.676 2434.28		345.292 212.981 2460.14		310.263 214.035 2470.7		249.506 214.358 2479.6		269.954 148.496 2472.17		0		
346.461 262.491 2434.73		345.394 212.801 2460.52		310.359 213.761 2470.71		249.726 210.786 2477.35		272.164 145.615 2475.83		0		
346.075 262.68 2435.58		345.235 212.854 2457.09		310.15 213.642 2467.37		249.863 208.451 2472.84		273.509 143.681 2480.15		0		
345.733 262.697 2437.84		345.161 212.92 2459.66		310.135 213.563 2471.12		250.286 205.914 2470.57		276.375 142.145 2489.14		0		
345.612 263.074 2437.83		345.049 213.311 2460.23		310.04 213.964 2472.09		250.564 204.133 2465.72		278.736 141.063 2492.99		0		
345.741 263.176 2438.84		345.264 213.442 2461.56		310.265 214.023 2473.09		250.771 203.492 2462.44		280.094 140.362 2493.74		0		
345.576 262.874 2439.97		345.478 213.167 2462.7		310.498 213.494 2474.53		250.945 203.286 2457.99		281.015 139.967 2496.02		0		
345.202 262.894 2440.57		345.755 213.215 2463.54		310.791 213.091 2475.46		251.052 203.238 2456.3		281.455 139.588 2493.68		0		
345.177 263.009 2439.94		346.04 213.316 2462.77		311.059 212.962 2474.44		251.115 203.444 2454.75		281.555 139.477 2489.76		0		
345.506 262.746 2439.27		346.603 213.037 2461.84		311.609 212.519 2473.55		251.076 203.73 2451.13		281.496 139.493 2485.3		0		
345.827 262.648 2439.22		347.04 212.948 2461.98		312.021 212.295 2472.3		251.271 204.026 2449.8		281.378 139.565 2483.01		0		
345.582 263.35 2438.59		346.737 213.776 2465.01		311.787 213.233 2476.62		251.214 204.513 2450.47		280.822 139.718 2479.29		0		
345.638 263.335 2437.03		346.984 213.696 2462.54		312.029 213.061 2475.44		251.072 205.098 2452.11		280.469 139.818 2470.85		0		
345.589 263.312 2436.2		347.099 213.637 2461.11		312.155 212.931 2475.26		251.257 205.635 2453.54		280.327 139.949 2467.62		0		
346.022 262.967 2436.74		347.527 213.295 2461.41		312.587 212.595 2475.69		251.347 205.769 2455.01		280.247 139.922 2467.48		0		
346.846 262.743 2437.37		348.278 213.085 2462.09		313.32 212.397 2475.47		251.624 205.542 2457.96		280.674 139.746 2468.4		0		
347.493 262.52 2437.05		348.452 212.853 2461.95		313.444 212.414 2473.25		252.511 205.872 2459.82		280.599 139.795 2470.88		0		
347.805 263.083 2436.13		348.765 213.406 2461.44		313.72 212.901 2471.18		252.982 206.214 2461.67		280.392 139.775 2470.54		0		
348.158 263.63 2434.45		348.983 213.913 2459.84		313.887 213.438 2467.99		253.295 206.325 2462.13		280.256 139.775 2473.01		0		
348.459 263.162 2432.86		349.193 213.432 2458.65		314.044 212.876 2463.19		253.619 206.709 2463.38		280.671 140.246 2474.91		0		
348.732 263.482 2432.33		349.319 213.735 2458.13		314.171 213.339 2464.11		253.553 208.18 2464.36		279.802 141.384 2471.69		0		
348.884 263.516 2431.33		349.072 213.807 2458.64		313.937 213.725 2465.44		253.338 209.169 2466.61		279.001 142.17 2471.08		0		
348.627 263.732 2430.42		348.701 213.86 2453.96		313.525 213.921 2462.52		252.847 209.797 2468.07		277.418 142.49 2471.87		0		
348.342 264.131 2429.73		348.306 214.177 2451.55		313.103 214.333 2460.62		251.878 209.36 2468.04		275.425 141.683 2465.31		0		
348.138 263.842 2429.42		348.074 213.974 2453.75		312.926 214.21 2464.07		251.438 208.59 2469.35		274.135 140.749 2468.87		0		
347.746 264.085 2429.29		347.823 214.125 2451.19		312.655 214.283 2462.36		250.94 208.473 2470.36		272.82 140.331 2472.05		0		
348.291 264.469 2428.66		348.13 214.465 2449.85		312.963 214.815 2462.01		250.461 208.689 2470.1		268.821 139.793 2476.67		0		
348.491 264.207 2428.29		348.224 214.184 2449.15		313.015 214.556 2459.73		250.708 209.205 2472.09		266.091 139.755 2474.67		0		
348.956 263.423 2428.25		348.593 213.402 2448.99		313.362 213.809 2458.58		250.635 209.828 2472.24		261.562 139.695 2469.98		0		
349.153 263.285 2428.37		348.706 213.267 2449.13		313.46 213.701 2457.77		250.492 207.855 2470.2		259.638 137.324 2466.92		0		
349.181 263.396 2427.99		348.586 213.376 2448.91		313.316 213.861 2455.98		250.401 207.561 2468.7		255.267 136.348 2464		0		
348.975 263.474 2428.49		348.567 213.454 2449.16		313.291 213.787 2455.63		249.888 206.662 2467.06		250.479 134.915 2463.36		0		
348.782 263.379 2428.12		348.455 213.345 2448.57		313.175 213.638 2455.51		248.338 207.073 2462.77		245.117 135.061 2463.31		0		
348.659 263.33 2428.8		348.485 213.307 2449.16		313.211 213.49 2456		247.003 207.386 2460.52		239.313 135.543 2454.95		0		
348.445 264.339 2426.65		348.289 214.283 2447.6		313.022 214.512 2456.21		245.911 208.155 2458.57		231.164 137.501 2449.48		0		
348.043 264.898 2425.81		348.319 214.837 2447.11		313.067 214.803 2456.94		243.144 208.719 2453.76		221.392 139.362 2442.04		0		
348.02 264.843 2426.91		348.518 214.822 2448.67		313.29 214.64 2458.7		241.853 210.069 2449.98		212.364 143.537 2429.41		0		
348.201 264.114 2426.32		348.856 214.087 2448		313.605 213.772 2457.34		240.734 212.44 2446.79		202.718 150.217 2417.48		0		
348.27 263.718 2426.63		349.227 213.703 2448.16		313.974 213.16 2457.08		239.034 213.376 2446.2		191.627 158.03 2412.7		0		
348.187 263.502 2427.61		349.566 213.601 2451.26		314.375 212.791 2460.88		238.11 215.846 2441.31		182.302 168.523 2406.47		0		
348.385 262.882 2425.26		349.911 212.95 2449.11		314.705 212.071 2459.6		237.052 217.778 2436.79		174.884 177.662 2400.93		0		
348.404 262.97 2423.82		350.11 212.996 2447.23		314.861 211.947 2456.58		236.745 218.922 2434.97		169.503 187.309 2402.37		0		
348.858 262.841 2423.03		350.469 212.85 2446.48		315.189 211.821 2454.7		237.27 220.971 2439.35		166.378 197.236 2399.12		0		
349.002 262.945 2424.12		350.757 213.073 2449.85		315.512 211.881 2456.72		236.679 221.919 2437.83		163.257 205.317 2400.04		0		
349.445 263.189 2422.61		351.164 213.239 2447.29		315.876 212.063 2453.89		235.21 223.549 2436.28		160.945 211.87 2400.3		0		
349.93 263.048 2422.71		351.663 213.081 2446.86		316.364 211.884 2453.22		235.072 225.686 2431.52		159.893 218.174 2404.71		0		
350.532 263.215 2422.5		352.285 213.236 2446.49		316.971 211.982 2451.84		235.246 226.75 2429.1		159.627 223.765 2409.12		0		
350.954 263.374 2422.27		352.828 213.389 2446.15		317.502 211.987 2449.92		235.383 227.293 2427.74		159.352 228.335 2407.05		0		
350.896 263.362 2421.47		353.073 213.238 2441.26		317.685 211.656 2445.4		235.329 227.562 2422		159.197 231.423 2406.02		0		
350.825 263.605 2423.06		353.179 213.533 2443.34		317.826 211.818 2447.32		235.651 227.704 2419.29		159.561 231.851 2406.04		0		
350.899 263.324 2425.13		353.157 213.283 2445.24		317.829 211.647 2449.5		235.073 226.295 2414.85		159.445 228.145 2407.85		0		
350.467 263.441 2425.34		353.17 213.449 2446.03		317.869 211.487 2450		235.196 223.047 2408.48		159.074 222.345 2399.2		0		
351.168 262.376 2428.11		353.235 212.395 2448.13		317.945 210.741 2447.82		236.8 221.453 2402.14		160.819 215.368 2387.57		0		
350.986 262.515 2428.3		353.136 212.529 2448.08		317.843 210.778 2446.56		238.007 218.993 2398.07		162.9 206.471 2369.87		0		
350.758 262.715 2426.15		352.632 212.766 2448.56		317.333 211.192 2447.3		239.054 215.534 2387.15		164.408 198.118 2352.56		0		
350.301 262.938 2424.04		351.956 212.969 2447.43		316.632 211.585 2447.28		238.981 212.417 2375.14		165.214 188.771 2334.74		0		
349.413 263.852 2422.4		350.93 213.846 2446.12		315.581 212.533 2445.22		239.968 209.439 2364.21		168.587 178.424 2309.58		0		
348.783 264.06 2422.46		350.441 214.046 2445.87		315.091 212.637 2444.9		240.856 207.044 2352.11		170.912 172.439 2288.8		0		
348.324 263.949 2422.35		349.847 213.965 2446.71		314.505 212.636 2445.51		240.893 204.734 2340.17		172.609 165.992 2265.27		0		
348.01 264.172 2422.22		349.29 214.188 2446.95		313.945 213.045 2446.09		243.043 203.78 2326.53		176.154 162.428 2236.98		0		
347.92 264.669 2420.89		348.761 214.691 2446.87		313.407 213.843 2445.85		244.663 203.445 2312.17		178.119 161.779 2205.39		0		
347.916 264.34 2420.4		348.593 214.33 2445.83		313.221 213.593 2444.57		246.84 204.455 2303.04		179.537 164.895 2184.18		0		
348.155 263.755 2421.59		348.492 213.861 2449.21		313.174 213.232 2445.45		248.279 206.573 2292.52		180.838 168.894 2159.92		0		
348.11 263.502 2420.22		348.298 213.535 2446.75		312.941 213.013 2442.6		249.163 209.219 2284.1		180.796 176.399 2137.91		0		
348.181 263.187 2419.24		348.275 213.182 2445.3		312.894 212.733 2441.12		249.536 213.13 2278.18		180.708 184.038 2122.37		0		
350.304 263.276 2419.63		349.102 213.298 2445.66		313.814 213.516 2435.55		249.774 216.555 2273.66		179.291 193.79 2113.98		0		
350.941 263.578 2419.41		349.275 213.58 2445.03		313.956 214.169 2435.78		249.735 219.888 2277.22		178.49 204.555 2109.06		0		
351.269 263.675 2418.38		349.262 213.678 2444.42		313.915 214.58 2437.14		249.191 223.977 2277.93		177.079 214.946 2108.26		0		
351.55 263.703 2417.17		349.285 213.713 2443.86		313.922 214.829 2437.63		248.86 229.914 2280.37		175.953 226.465 2112.5		0		
351.693 263.545 2416.51		349.319 213.552 2443.35		313.942 214.785 2438.18		248.298 234.36 2289.94		175.235 236.286 2125.83		0		
351.591 263.697 2414.76		349.271 213.56 2438.83		313.824 214.806 2434.02		248.715 237.843 2302.24		174.919 245.3 2142.52		0		
351.673 263.845 2413.72		349.404 213.622 2436.15		313.914 214.865 2431.67		248.419 240.977 2315.89		174.698 254.001 2163.67		0		
351.722 264.138 2412.64		349.494 213.868 2434.55		313.978 215.111 2430.69		246.885 244.191 2330.02		172.667 260.363 2189.56		0		
351.731 264.205 2411.1		349.524 213.898 2432.92		313.984 215.118 2428.81		245.792 246.349 2344.83		171.284 266.514 2226.46		0		
351.789 264.541 2409.83		349.738 214.225 2432.41		314.186 215.39 2430.07		245.337 247.059 2363.33		171.851 269.874 2257.53		0		
351.655 264.378 2409.71		349.967 214.029 2431.66		314.397 214.98 2430.41		243.592 247.891 2380.07		169.244 270.077 2293.53		0		
350.889 263.465 2410.85		349.755 213.257 2435.86		314.24 213.823 2435.44		242.269 246.979 2391.72		168.48 268.45 2325.79		0		
350.109 262.867 2412.09		349.694 212.591 2434.56		314.178 212.784 2437.42		240.824 245.457 2407.2		166.866 264.357 2364.14		0		
349.606 263.13 2411.78		349.762 212.708 2429.99		314.209 212.607 2435.79		239.907 243.048 2423.82		165.916 259.14 2393.26		0		
349.393 263.843 2410.61		350.052 213.342 2427.17		314.446 212.873 2432.09		239.616 239.446 2439.34		165.757 252.925 2413.49		0		
349.013 264.155 2410.78		350.184 213.553 2422.98		314.517 212.739 2427.73		238.826 237.044 2443.31		165.279 245.359 2434.38		0		
348.781 264.788 2410.75		350.358 214.129 2420.36		314.648 213.009 2423.63		238.207 232.482 2450.64		164.511 236.668 2443.65		0		
348.801 265.178 2411.07		350.574 214.496 2419.26		314.844 213.224 2421.51		237.908 230.186 2451.29		164.341 228.382 2447.79		0		
348.648 265.534 2411.78		350.533 214.848 2419.05		314.796 213.479 2420.11		237.864 226 2448.1		164.13 220.045 2444.72		0		
348.62 265.176 2413.7		350.458 214.571 2423.06		314.782 213.241 2425.04		235.441 222.953 2437.87		162.08 211.681 2438.13		0		
348.455 265.122 2415.17		350.333 214.505 2422.26		314.651 213.173 2425.09		234.146 218.772 2428.81		160.552 203.333 2424.43		0		
348.402 265.14 2416.39		350.511 214.524 2421.56		314.826 213.046 2424.79		235.023 215.449 2420.07		162.042 196.211 2408.22		0		
348.237 265.211 2416.46		350.447 214.65 2424.29		314.808 213.094 2427.74		235.411 213.551 2412.81		163.064 190.048 2382.88		0		
348.099 265.292 2417.06		350.418 214.77 2426.03		314.808 213.135 2429.64		235.796 211.729 2404.67		163.536 186.571 2361.8		0		
348.089 265.447 2417.51		350.303 214.953 2427.67		314.716 213.388 2431.38		236.375 210.991 2393.76		164.474 183.859 2344.86		0		
347.896 265.455 2418.03		349.95 215.181 2435.42		314.483 213.741 2440.24		236.894 210.671 2383.85		165.021 182.495 2326.72		0		
347.835 266.316 2417.5		350.021 215.937 2431.94		314.528 214.451 2438.62		238.137 209.147 2368.2		165.393 181.795 2305.08		0		
347.809 266.242 2417.76		350.064 215.814 2430.19		314.561 214.307 2437.97		238.341 209.946 2356.86		165.674 181.553 2286.09		0		
347.917 266.401 2418.08		350.008 215.962 2430.38		314.497 214.564 2437.82		239.278 210.503 2350.52		165.927 184.129 2272.21		0		
347.964 266.072 2417.33		350.063 215.713 2433.08		314.571 214.241 2438.38		239.877 210.952 2347.07		166.173 186.703 2264.98		0		
347.892 266.042 2416.71		350.002 215.713 2434.03		314.515 214.207 2438.55		239.99 211.087 2344.1		166.204 188.132 2256.05		0		
348.063 265.031 2417.78		350.152 214.849 2438.69		314.721 213.235 2440.22		240.254 211.788 2342.65		166.045 189.372 2246.94		0		
348.291 264.384 2418.35		350.326 214.281 2441.11		314.923 212.657 2441.59		239.703 212.008 2339.32		163.968 191.581 2244.55		0		
348.181 264.009 2418.71		350.222 213.96 2442.73		314.842 212.344 2443.63		240.091 212.301 2338.62		163.946 192.89 2241.46		0		
348.189 263.934 2417.98		350.173 213.9 2442.86		314.793 212.341 2444.31		239.696 213.106 2339.13		162.671 193.382 2243.67		0		
348.02 264.362 2416.56		350.122 214.205 2438.83		314.697 212.644 2442.11		239.65 214.164 2341.92		163.242 193.713 2236.87		0		
347.915 264.837 2415.86		350.11 214.614 2436.71		314.661 213.022 2440.73		240.147 214.283 2341.51		163.737 194.011 2236.46		0		
347.747 265.467 2413.59		349.816 215.231 2435.76		314.36 213.771 2441.01		239.185 214.771 2339.96		162.612 193.934 2241.36		0		
347.505 265.822 2412.79		349.643 215.542 2434.2		314.169 214.048 2439.8		238.629 214.964 2339.42		162.05 193.262 2244.16		0		
347.435 265.884 2411.91		349.547 215.582 2433.29		314.058 214.107 2438.88		238.016 215.521 2336.72		161.488 194.369 2243.3		0		
347.413 265.664 2411.72		349.648 215.263 2429.82		314.122 213.734 2436.29		238.854 216.204 2336.74		163.251 195.751 2235.56		0		
347.216 266.054 2410.95		349.136 215.676 2430.84		313.63 214.401 2438.22		238.214 216.287 2336.62		162.615 196.66 2229.97		0		
346.979 266.358 2411.04		348.83 215.883 2427.83		313.275 214.653 2435.02		238.622 216.774 2339.85		163.413 198.57 2229.59		0		
346.959 266.193 2411.41		348.733 215.682 2426.83		313.148 214.477 2432.91		238.509 218.395 2333.54		162.73 201.311 2226.63		0		
346.817 266.722 2410.14		348.461 216.277 2428.86		312.914 215.188 2435.82		239.462 219.247 2331.66		163.346 204.465 2218.24		0		
347.109 266.674 2409.85		348.587 216.281 2430.58		313.047 215.258 2436.28		240.265 223.066 2334.28		164.547 209.149 2217.17		0		
347.227 266.155 2410.1		348.637 215.793 2431.63		313.097 214.768 2435.89		241.323 225.506 2333.14		165.316 215.49 2214.51		0		
347.091 265.985 2411.46		348.539 215.53 2428.91		312.959 214.493 2433.16		241.56 229.11 2335.46		165.889 222.875 2213.79		0		
346.961 266.042 2411.63		348.412 215.544 2427.67		312.817 214.524 2432.38		242.526 232.427 2337.26		167.06 231.509 2214.25		0		
347.728 265.739 2413.2		348.626 215.322 2431.24		313.086 214.714 2436.85		241.98 236.061 2340.84		166.657 241.093 2222.6		0		
348.371 265.979 2411.69		349.189 215.473 2427.98		313.599 214.925 2433.76		241.932 239.54 2347.02		166.28 250.725 2239.36		0		
348.96 266.125 2410.54		349.773 215.562 2425.79		314.144 215.006 2431.15		242.419 242.416 2357.24		167.559 258.457 2262.83		0		
349.236 266.752 2408.54		350.241 216.07 2420.55		314.537 215.386 2425.98		242.156 244.725 2372.93		168.253 265.563 2291.55		0		
349.363 266.64 2408.08		350.452 215.913 2418.57		314.721 215.175 2424.07		242.436 246.532 2390.66		168.747 269.329 2317.93		0		
349.222 266.235 2407.18		350.515 215.557 2420.16		314.816 214.685 2426.19		241.108 246.652 2405.3		168.64 271.035 2350.34		0		
349.398 266.156 2406.53		350.618 215.507 2421.28		314.928 214.663 2426.68		240.361 245.667 2420.67		168.163 268.99 2381.65		0		
349.355 266.184 2405.52		350.751 215.463 2418.09		315.025 214.52 2424.3		239.718 244.538 2437.14		167.521 265.392 2417.57		0		
349.229 265.916 2405.8		350.85 215.163 2416.4		315.104 214.068 2422.64		238.903 241.804 2449.23		166.971 260.609 2443.17		0		
349.12 265.589 2406.42		350.887 214.829 2415.92		315.131 213.623 2421.57		237.321 236.072 2458.18		165.341 248.349 2463.07		0		
349.23 265.557 2406.64		351.039 214.794 2415.78		315.28 213.557 2421.36		236.725 231.992 2462.74		164.53 238.085 2478.01		0		
348.893 265.977 2407.64		351.086 215.24 2416.3		315.347 213.735 2421.94		236.041 225.916 2462.56		163.578 223.45 2474.61		0		
348.687 266.272 2408.06		351.128 215.543 2416.15		315.388 213.853 2421.19		236.168 219.961 2456.66		163.893 210.631 2467.01		0		
348.433 266.591 2408.32		350.941 215.875 2416.7		315.21 214.132 2421.52		234.783 213.339 2436.6		164.209 195.126 2446.43		0		
348.159 266.93 2408.93		350.806 216.219 2416.6		315.079 214.381 2421.45		234.698 208.905 2422.81		165.417 183.636 2430.32		0		
347.743 266.258 2409.49		350.241 215.652 2421.33		314.584 213.921 2426.64		235.482 204.447 2404.13		168.97 170.151 2392.61		0		
347.221 265.797 2411.1		349.61 215.476 2430.84		314.094 213.817 2436.5		236.742 201.627 2385.02		172.172 161.546 2356.98		0		
346.903 265.719 2411.78		349.444 215.404 2431.61		313.973 213.706 2439.34		238.568 200.582 2367.25		175.856 155.929 2325.06		0		
346.711 265.704 2411.56		349.274 215.394 2431.95		313.826 213.725 2440.9		240.595 199.34 2352.71		178.496 153.041 2292.73		0		
346.486 265.771 2411.07		348.863 215.449 2431.84		313.441 213.974 2442.59		243.118 200.25 2342.34		182.44 152.798 2260.57		0		
346.185 266.127 2412.56		348.464 215.712 2429.5		313.017 214.307 2440.83		245.393 201.195 2332.6		185.094 155.334 2229.46		0		
346.512 265.845 2413.42		348.371 215.463 2431.52		312.912 214.301 2441.1		245.597 202.256 2317.36		184.588 157.154 2200.19		0		
346.851 265.963 2413.87		348.369 215.6 2432.81		312.897 214.632 2440.93		247.129 204.258 2305.73		184.681 162.36 2176.18		0		
346.998 265.606 2411.77		348.252 215.239 2432.13		312.74 214.394 2438.37		247.401 206.675 2297.69		184.537 167.7 2157.49		0		
347.428 265.741 2411.09		348.34 215.372 2432.14		312.806 214.716 2436.88		247.458 209.141 2290.61		182.86 175.888 2143.6		0		
348.131 265.473 2412.85		348.542 215.228 2436.44		313.048 214.776 2437.64		246.873 212.725 2286.71		181.848 184.199 2131.98		0		
348.483 264.654 2414.95		348.476 214.502 2439.8		313.022 214.33 2440.71		245.974 215.372 2288.35		180.003 193.051 2130.21		0		
349.022 264.196 2414.56		348.707 214.081 2440.49		313.258 214.107 2441.13		245.097 218.878 2287.72		177.551 203.226 2134.79		0		
349.299 264.799 2411.98		348.953 214.569 2436.52		313.462 214.717 2439.62		244.512 223.235 2292.29		176.029 212.484 2143.64		0		
348.939 264.351 2411.53		348.784 214.208 2438.35		313.328 214.262 2442.55		243.604 225.534 2297.91		174.545 219.022 2154.18		0		
348.835 264.382 2411.42		348.679 214.293 2439.65		313.263 214.429 2445.8		241.867 228.061 2308.08		172.283 225.514 2168.25		0		
348.772 264.387 2411.63		348.674 214.317 2440.23		313.276 214.447 2447.27		241.401 230.743 2318.91		170.909 229.462 2182.77		0		
348.796 264.276 2412.03		348.702 214.21 2440.52		313.307 214.337 2447.57		240.884 232.016 2326.07		168.994 233.162 2196.89		0		
348.873 264.705 2411.74		348.735 214.653 2440.83		313.345 214.813 2447.96		240.943 233.911 2333.73		167.817 235.018 2213.98		0		
348.759 264.283 2411.94		348.593 214.231 2440.83		313.212 214.438 2448.56		241.154 234.889 2339.87		167.124 235.9 2223.77		0		
348.677 265.112 2411.51		348.654 214.798 2433.42		313.179 214.925 2442.03		241.053 235.472 2344.58		166.364 235.957 2230.2		0		
348.473 265.464 2411		348.564 215.12 2432.8		313.073 215.156 2441.03		241.513 235.699 2349.62		166.905 234.345 2230.03		0		
348.368 265.15 2411.79		348.451 214.815 2433.51		312.97 214.858 2441.68		241.873 235.406 2353.74		166.794 232.393 2236.65		0		
348.214 265.935 2412.64		348.318 215.479 2429.97		312.789 215.508 2438.35		242.062 235.286 2355.86		166.668 231.351 2233.44		0		
348.104 266.107 2412.65		348.213 215.593 2428.2		312.655 215.612 2436.38		242.6 235.182 2356.64		166.602 230.834 2235.67		0		
348.264 265.902 2413.11		348.344 215.374 2427.9		312.759 215.367 2434.31		242.865 235.606 2354.78		166.614 230.558 2235.37		0		
348.883 265.52 2413.46		348.372 215.23 2434.9		312.874 215.567 2439.76		243.444 235.88 2354.91		167.471 231.273 2231.16		0		
349.052 265.62 2413.62		348.413 215.194 2430.83		312.852 215.632 2435.44		244.088 235.922 2353.79		168.172 233.542 2230.41		0		
348.875 265.276 2414.65		348.384 214.896 2433		312.842 215.19 2436.41		244.501 235.923 2353.86		168.846 234.954 2226.89		0		
349.066 264.991 2414.39		348.607 214.631 2433.67		313.071 214.89 2436.81		244.135 236.026 2351.97		168.319 236.729 2226.26		0		
349.474 265.274 2413.82		348.946 214.925 2433.98		313.421 215.255 2437.94		244.296 237.611 2352.76		168.962 239.907 2224.32		0		
349.591 265.159 2413		348.904 214.95 2437.37		313.434 215.399 2441.86		245.028 239.631 2351.15		169.228 244.033 2226.83		0		
349.689 265.265 2413.49		349.24 214.989 2435.89		313.759 215.309 2441.46		245.12 242.245 2353.09		169.554 249.389 2231.2		0		
349.338 264.719 2414.07		349.03 214.6 2440.1		313.626 214.87 2446.95		244.507 243.814 2358.13		169.462 253.704 2237.94		0		
349.262 265.132 2414.33		349.034 214.906 2437.55		313.617 215.171 2445.96		246.115 245.936 2371.43		171.552 258.188 2252.81		0		
349.333 265.713 2414.58		349.33 215.428 2436.21		313.89 215.53 2444.56		246.127 247.076 2380.14		171.218 262.004 2273.44		0		
349.47 265.692 2414.7		349.495 215.523 2439.45		314.114 215.641 2448.63		245.252 247.761 2390.71		170.074 264.542 2298.19		0		
349.839 265.55 2413.86		349.986 215.417 2439.99		314.602 215.427 2448.67		244.477 247.903 2400.82		169.533 265.3 2322.28		0		
349.67 265.298 2413.17		350.363 215.058 2436.49		314.929 214.675 2444.94		242.829 246.999 2411.27		168.893 264.882 2355.45		0		
349.621 265.014 2413.65		350.745 214.733 2435.21		315.281 214.008 2442.51		241.326 245.454 2423.52		167.163 262.647 2378.44		0		
349.811 265.067 2413.79		351.257 214.768 2434.56		315.773 213.767 2440.45		239.703 240.601 2438.17		165.71 253.32 2414.85		0		
350.033 265.172 2413.78		351.702 214.86 2434.02		316.202 213.66 2438.74		239.213 237.029 2443.69		164.924 244.689 2437.09		0		
349.896 265.201 2414.52		352.1 214.904 2434		316.609 213.303 2437.92		238.121 228.462 2449.48		164.473 229.157 2449.57		0		
350.171 265.238 2415.46		352.458 214.948 2434.51		316.972 213.266 2437.75		237.203 223.89 2445.43		164.087 216.548 2452.19		0		
350.168 265.521 2416.02		352.596 215.236 2434.74		317.117 213.455 2437.98		237.297 217.993 2437.44		164.998 204.173 2440.57		0		
349.943 265.452 2416.82		352.476 215.176 2435.1		317.001 213.293 2437.33		236.291 212.765 2430.67		164.933 192.93 2428.88		0		
349.636 265.229 2418.18		352.027 214.981 2436.68		316.569 213.137 2436.96		235.359 207.533 2418.7		165.149 183.03 2416.62		0		
349.138 265.787 2418.72		351.573 215.53 2436.64		316.116 213.693 2437.93		236.708 205.12 2407.21		167.663 174.744 2384.29		0		
348.778 265.236 2419.41		351.245 214.994 2437.19		315.798 213.16 2439.2		237.819 202.2 2392.14		170.801 165.889 2358.35		0		
348.463 265.148 2419.72		351.028 214.904 2437.02		315.581 213.004 2438.97		239.088 199.853 2373.05		173.256 158.929 2330.05		0		
348.188 265.075 2420.44		350.668 214.841 2437.69		315.232 213.03 2440.54		240.833 198.045 2357.11		176.818 154.288 2297.99		0		
348.124 264.746 2420.55		350.305 214.609 2441		314.904 212.946 2442.61		242.084 197.382 2340.66		179.561 151.582 2258.98		0		
348.015 264.971 2420.28		349.886 214.886 2442.83		314.504 213.442 2444.77		244.495 198.4 2327.01		183.545 151.582 2225.7		0		
347.852 265.716 2419.26		349.418 215.518 2439.69		313.984 214.323 2442.16		246.912 199.725 2312.19		186.124 154.56 2191.03		0		
348.184 264.769 2421.92		349.292 214.641 2443.02		313.893 213.677 2442.94		249.152 202.329 2296.17		188.097 159.59 2164.91		0		
348.266 264.717 2422.81		349.185 214.753 2447.87		313.855 213.79 2445.46		251.439 204.393 2286.47		188.831 166.948 2139.69		0		
348.363 264.806 2421.31		349.106 214.809 2446.55		313.749 213.998 2444.79		253.127 209.31 2279.09		189.635 176.797 2119.33		0		
348.592 264.514 2420.83		349.118 214.626 2449.02		313.795 213.897 2446.32		253.627 214.285 2271.75		189.896 186.975 2102.13		0		
348.691 264.914 2420.45		348.927 215.096 2450.66		313.623 214.6 2448.97		253.587 218.434 2269.96		189.15 197.276 2090.69		0		
350.166 264.893 2417.77		349.441 215.115 2449.99		314.129 215.264 2448.13		253.049 225.925 2273.3		186.84 215.558 2093.01		0		
351.081 264.811 2416.21		349.763 215.058 2449.52		314.447 215.622 2447.89		252.041 231.125 2277.79		184.821 230.938 2103.03		0		
351.237 265.001 2414.69		349.856 215.113 2445.84		314.491 215.814 2445.94		251.556 235.744 2290.04		183.706 242.801 2122.89		0		
351.188 264.453 2414.48		349.911 214.486 2443.89		314.517 215.165 2444.82		248.723 240.189 2310.13		180.482 253.536 2155.62		0		
350.491 264.264 2415.8		349.638 214.25 2443.52		314.275 214.804 2448.41		246.022 242.796 2326.8		177.449 259.946 2184.21		0		
349.978 264.254 2416.29		349.687 214.23 2443.6		314.358 214.514 2451.42		243.696 244.372 2351.22		173.74 261.674 2237.51		0		
350.527 264.43 2413.95		350.215 214.399 2442.34		314.85 214.666 2449.49		241.33 244.103 2369.73		169.869 260.965 2283.24		0		
350.082 264.626 2413.83		350.207 214.444 2438.31		314.828 214.502 2448.2		241.806 243.914 2386.35		168.768 258.751 2311.19		0		
349.812 264.697 2413.64		350.193 214.431 2435.95		314.797 214.351 2446.98		242.231 239.952 2403.29		168.005 250.705 2331.66		0		
350.115 265.049 2412.66		350.448 214.747 2434.77		315.044 214.722 2446.42		241.754 237.862 2410.47		166.594 243.362 2352		0		
350.162 265.612 2412.99		350.701 215.182 2430.78		315.222 214.974 2441.62		240.859 232.946 2412.01		165.393 231.635 2355.25		0		
350.078 265.926 2413.1		350.757 215.427 2428.56		315.226 215.084 2438.27		240.394 229.888 2408.25		165.416 222.733 2353.01		0		
349.855 266.54 2412.8		350.606 216.028 2428.23		315.095 215.665 2439.22		240.331 226.871 2405.55		165.655 214.283 2344.48		0		
349.466 266.121 2414.02		350.299 215.606 2428.33		314.81 215.209 2440.27		241.071 224.035 2402.36		166.845 206.868 2340.35		0		
349.1 266.587 2414.87		350.001 216.072 2428.58		314.544 215.653 2441.71		242.069 221.098 2400.18		169.066 203.032 2321.97		0		
348.833 266.806 2415.15		349.769 216.276 2428.1		314.303 215.827 2441.16		242.091 219.607 2390.82		170.947 198.188 2306.22		0		
348.598 266.679 2415.29		349.569 216.246 2431.55		314.151 215.789 2444.49		242.187 218.451 2378.77		172.297 194.717 2289.32		0		
348.326 266.16 2415.11		349.325 215.928 2437.2		313.997 215.502 2450.45		242.578 217.002 2367.5		173.307 192.097 2277.19		0		
348.245 265.469 2416.18		349.38 215.353 2440.79		314.109 214.856 2454.2		243.501 216.571 2361.27		174.524 192.313 2265.07		0		
348.143 264.941 2417.94		349.593 214.773 2439.77		314.324 214.057 2453.71		244.247 216.296 2357.31		175.503 193.419 2253.19		0		
347.84 265.191 2417.17		349.697 215.099 2441.24		314.473 214.141 2455.88		243.905 216.453 2348.62		175.448 194.562 2239.67		0		
347.82 265.502 2417.23		349.897 215.452 2442.3		314.694 214.347 2457.03		242.927 217.181 2343.04		175.007 196.132 2235.32		0		
347.9 265.291 2418.46		350.011 215.292 2444.18		314.836 214.173 2459		242.461 217.45 2340.77		175.663 196.702 2228.36		0		
348.007 264.578 2420.72		350.16 214.621 2446.11		314.997 213.444 2460.22		241.899 217.477 2337.61		175.317 197.265 2222.89		0		
348.077 264.773 2419.8		350.14 214.844 2446.54		315.013 213.794 2461.96		241.409 217.351 2336.19		174.587 198.529 2217.95		0		
348.137 264.97 2419.27		350.146 215.162 2449.11		315.027 214.117 2463.43		241.411 217.395 2337.29		174.522 200.495 2213.96		0		
348.32 265.046 2419.17		350.042 215.316 2451.1		314.946 214.488 2465.42		241.831 217.451 2339		174.644 202.498 2211.77		0		
348.453 264.391 2420.75		350.26 214.542 2448.88		315.083 213.534 2460.66		242.316 217.678 2340.37		174.818 204.116 2211.83		0		
348.655 264.911 2419.4		350.373 214.988 2446.76		315.148 214.006 2457.93		242.739 218.26 2341.09		174.992 205.005 2210.72		0		
348.79 264.747 2418.57		350.429 214.942 2449.05		315.206 213.935 2458.4		243.415 219.286 2338.22		175.06 205.389 2211.35		0		
348.752 265.034 2417.91		350.449 215.125 2446.39		315.186 214.074 2455.72		244.081 219.833 2336.86		175.098 205.581 2210.38		0		
348.792 264.982 2418.17		350.508 215.034 2445.61		315.217 213.923 2453.79		244.702 220.812 2337.81		175.11 205.671 2207.98		0		
348.921 265.507 2416.81		350.547 215.531 2444.51		315.234 214.469 2452.43		245.631 220.811 2337.92		175.171 205.722 2209.81		0		
349.102 264.935 2417.32		350.566 215.089 2447.73		315.278 214.063 2454		246.252 220.724 2338.64		175.165 205.761 2209.71		0		
348.922 265.008 2417.73		350.303 215.077 2446.08		314.981 214.089 2451.63		246.719 220.75 2341.06		175.15 205.776 2208.01		0		
348.962 264.784 2419.08		350.366 214.808 2445.6		315.027 213.765 2449.97		247.48 220.892 2340.76		175.186 205.814 2206.35		0		
349.531 264.81 2419.14		350.733 214.819 2445.49		315.382 213.887 2449.16		248.152 220.949 2341.7		175.198 205.872 2206.37		0		
349.82 265.239 2418.42		350.849 215.263 2445.74		315.499 214.45 2449.54		248.752 220.965 2343.73		175.185 205.842 2202.57		0		
349.912 265.485 2417.54		350.931 215.47 2444.46		315.566 214.687 2448.8		249.16 220.977 2342.76		174.891 205.832 2200.79		0		
349.873 266.144 2416.54		350.825 216.11 2443.72		315.443 215.335 2447.15		249.414 220.88 2342.73		174.796 205.904 2201.51		0		
349.784 265.58 2417.17		350.796 215.55 2443.95		315.412 214.687 2446.14		249.686 220.969 2342.4		174.747 205.94 2201.97		0		
349.86 265.352 2417.28		350.786 215.333 2444.26		315.401 214.506 2445.88		249.934 221.096 2342.71		174.688 205.938 2203.18		0		
349.95 265.05 2417.53		350.876 215.034 2444.37		315.491 214.194 2445.65		249.946 221.002 2344.84		174.657 205.877 2201.04		0		
349.9 265.504 2417.84		350.925 215.48 2444.39		315.545 214.601 2446.42		249.901 221.023 2345.31		174.593 205.922 2201.62		0		
349.642 265.247 2417.56		350.671 215.24 2444.59		315.297 214.385 2447.3		249.786 220.828 2344.6		174.58 205.924 2200.27		0		
349.596 264.567 2418.5		350.716 214.588 2445.52		315.354 213.624 2447.11		249.416 221.473 2346.17		174.618 206.681 2201.01		0		
349.623 264.562 2418.65		350.857 214.562 2444.96		315.489 213.533 2446.85		249.257 221.945 2345.84		174.695 207.099 2202.64		0		
350.056 264.906 2416.97		351.117 214.885 2443.86		315.731 213.988 2446.12		248.86 222.135 2345.35		174.306 207.939 2203.04		0		
350.15 265.152 2416.17		351.121 215.13 2443.55		315.73 214.311 2446.26		249.123 222.204 2343.93		174.58 207.736 2204.49		0		
350.086 264.947 2416.53		351.016 214.94 2444.06		315.633 214.151 2446.81		248.751 222.278 2344.3		174.213 208.291 2203.86		0		
350.319 264.734 2416.96		351.357 214.742 2444.51		315.979 213.847 2446.6		248.578 222.577 2344.31		174.444 207.9 2202.54		0		
350.369 264.75 2417.15		351.341 214.798 2445.6		315.976 213.908 2446.88		248.186 223.038 2342.16		174.281 208.618 2203.01		0		
350.335 264.712 2417.1		351.345 214.741 2445.09		315.973 213.843 2446.73		247.65 222.537 2340.26		174.068 208.465 2199.44		0		
350.317 265.031 2416.85		351.335 215.045 2444.69		315.956 214.123 2445.85		247.307 222.524 2341.02		173.962 208.869 2198.33		0		
350.01 264.51 2418.74		350.937 214.515 2445.32		315.573 213.725 2447.89		247.1 223.267 2340.35		173.72 209.321 2200.53		0		
350.133 264.262 2419.01		351.05 214.273 2445.55		315.686 213.468 2447.56		246.917 222.969 2341.51		174.139 210.578 2197.67		0		
350.296 264.575 2417.98		351.123 214.611 2445.76		315.757 213.82 2446.84		245.543 222.713 2336.7		172.782 210.847 2189.5		0		
350.341 264.702 2416.76		351.178 214.718 2444.69		315.794 213.892 2445.12		246.064 222.529 2337.45		173.448 211.32 2192.24		0		
