285.934 209.549 2221.3		281.594 152.182 2279.29		238.771 153.816 2258.27		166.955 105.729 2138.32		184 34 2223		0		
286.688 199.236 2233.45		284.852 143.729 2303.28		242.501 143.702 2285.31		169.908 111.099 2158.17		182.469 35.7376 2215.82		0		
286.852 195.138 2238.29		286.328 140.16 2311.26		244.134 139.327 2295.1		170.248 117.001 2167.53		180.914 39.5564 2209.39		0		
286.828 193.435 2239.58		287.086 138.73 2314.46		244.956 137.394 2299.12		170.525 119.889 2168.74		180.355 41.7223 2206.42		0		
286.75 192.826 2239.97		287.311 138.295 2316.2		245.216 136.818 2301.6		170.231 121.714 2170.03		179.862 43.135 2204.79		0		
286.697 192.924 2239.5		287.365 138.455 2316.43		245.274 136.923 2302.06		170.105 122.301 2169.98		179.715 43.6401 2204.5		0		
286.576 192.539 2240.12		287.26 138.081 2316.97		245.18 136.593 2303.02		170.748 123.329 2173.73		179.471 44.1864 2203.59		0		
286.486 192.548 2240.05		287.171 138.108 2317.08		245.09 136.613 2303.08		170.458 124.649 2176.41		179.304 45.1806 2202.45		0		
286.609 191.391 2242.31		287.39 137.3 2321.32		245.391 135.739 2307.49		170.778 124.522 2176.88		179.133 44.8702 2201.47		0		
286.431 191.607 2243.15		287.436 137.291 2320.35		245.421 135.558 2306.37		170.438 124.993 2178.37		179.447 45.3505 2202.06		0		
286.327 190.689 2244.47		287.343 136.689 2323.61		245.395 135.032 2310.35		170.383 126.02 2180.9		179.096 46.0944 2201.25		0		
286.118 191.17 2244.11		287.261 136.936 2321.66		245.278 135.199 2308.4		171.958 119.886 2179.78		180.813 40.0905 2204.82		0		
285.979 191.666 2242.64		287.205 137.304 2319.6		245.186 135.506 2306.3		171.116 120.661 2177.41		180.35 40.9543 2205.73		0		
285.937 190.972 2243.86		287.189 136.944 2322.97		245.233 135.132 2309.8		170.78 122.387 2177.17		180.222 42.6171 2205.98		0		
285.812 191.695 2242.62		287.175 137.498 2320.87		245.184 135.628 2307.81		170.476 122.812 2176.02		179.649 43.0199 2205.76		0		
285.653 191.879 2242.12		287.193 137.546 2319.45		245.183 135.581 2306.62		170.902 124.169 2176.18		179.514 44.0591 2203.74		0		
285.559 192.031 2241.79		287.199 137.655 2318.89		245.181 135.62 2306.06		170.905 126.04 2182.19		179.363 45.3538 2202.24		0		
285.512 192.478 2241.07		287.19 138.097 2318.37		245.17 136.111 2306.11		170.972 125.631 2182.3		179.318 44.8666 2201.78		0		
285.491 191.477 2242.66		287.154 137.459 2322.18		245.204 135.482 2310		171.452 126.23 2179.35		178.981 45.575 2201.7		0		
285.493 192.193 2242.16		287.143 137.976 2320.44		245.158 135.99 2308.05		172.268 126.311 2178.68		178.806 45.5981 2201.39		0		
285.486 192.351 2241.8		287.152 137.966 2318.9		245.14 135.975 2306.53		171.665 127.095 2182.03		178.859 46.0592 2199.88		0		
285.556 191.186 2244.23		287.227 137.077 2322.72		245.281 135.024 2310		171.291 126.198 2179.82		179.051 45.3697 2200.15		0		
285.514 191.191 2244.73		287.19 136.923 2321.89		245.225 134.833 2308.86		171.388 125.588 2179.51		179.465 44.8685 2200.8		0		
285.575 191.029 2244.3		287.277 137.045 2323.67		245.348 134.946 2310.82		171.246 125.319 2179.53		179.127 44.4804 2199.79		0		
285.551 190.455 2245.16		287.265 136.605 2325.26		245.364 134.461 2312.18		171.643 125.023 2176.71		179.618 44.353 2199.55		0		
285.523 190.241 2245.52		287.244 136.476 2326.14		245.357 134.312 2312.97		172.056 126.072 2176.74		179.106 45.1805 2198.15		0		
285.378 189.913 2246.59		287.137 136.175 2327.15		245.269 133.985 2313.97		171.698 125.435 2175.51		178.943 44.4343 2196.13		0		
285.137 190.798 2246.39		287.125 136.671 2324.19		245.206 134.283 2310.62		170.995 124.408 2173.22		178.477 43.2129 2192.52		0		
285.042 190.779 2246.38		287.015 136.797 2325.31		245.12 134.484 2312.24		171.145 125.272 2172.96		177.321 43.4235 2186.57		0		
285.077 190.498 2246.86		287.051 136.637 2326.57		245.18 134.331 2313.61		171.137 128.702 2174.95		175.644 45.7368 2176.15		0		
285.089 190.992 2246.4		287.02 137.202 2326.86		245.154 134.939 2314		171.537 131.822 2174.08		173.733 47.6469 2161.31		0		
285.221 191.481 2246.61		287.155 137.748 2327.59		245.304 135.482 2314.76		172.707 127.801 2168.49		171.641 42.1855 2138.4		0		
285.179 191.906 2247.23		287.168 138.127 2327.86		245.326 135.861 2315.3		173.059 126.754 2161.95		169.349 39.8246 2109.37		0		
284.922 190.852 2250.57		287.034 137.465 2333.25		245.299 135.187 2321.31		172.541 127.899 2153.41		166.786 39.6371 2075.87		0		
284.523 190.306 2253.66		286.943 137.095 2336.95		245.29 134.662 2325.52		173.801 131.599 2145.25		163.936 42.9485 2036.08		0		
284.115 190.366 2256.71		286.7 137.217 2339.94		245.104 134.665 2328.47		176.027 137.955 2140.23		159.701 51.1434 1990.43		0		
283.837 190.805 2258.6		286.676 137.758 2342.33		245.134 135.039 2330.98		178.289 145.624 2137.8		154.743 64.2738 1941.95		0		
283.816 190.926 2260.41		286.714 137.762 2342.98		245.192 135.08 2332.19		180.636 152.036 2139.07		150.401 83.6708 1895.66		0		
283.891 191.14 2260.79		286.769 137.945 2343.13		245.247 135.255 2332.17		181.211 157.571 2137.41		148.116 110.653 1854.57		0		
283.862 191.309 2259.9		286.773 138.098 2342.32		245.24 135.408 2331.53		182.748 166.917 2132.08		148.903 141.102 1826.15		0		
283.942 191.378 2259.14		286.912 138.21 2342.01		245.376 135.464 2331.16		185.409 175.98 2127.31		151.648 173.074 1816.21		0		
283.997 191.34 2257.72		287 138.183 2340.9		245.44 135.335 2329.51		189.892 183.652 2124.43		157.896 208.867 1832.61		0		
283.808 191.07 2255.52		287.074 138.061 2340.02		245.503 134.831 2327.33		193.859 190.94 2123.93		166.931 244.14 1879.96		0		
283.861 190.711 2253.32		287.419 137.413 2335.85		245.781 133.656 2320.8		197.522 198.555 2133.66		175.301 270.86 1941.37		0		
283.558 191.712 2250.68		287.473 137.734 2328.55		245.719 133.479 2311.25		200.837 205.566 2149.35		183.736 288.602 2008.23		0		
283.374 193.217 2248.1		287.559 138.466 2320.5		245.669 133.902 2301.71		204.316 205.92 2183.1		192.842 291.687 2070.32		0		
284.034 193.198 2247.54		288.242 138.106 2317.29		246.303 133.349 2296.93		208.101 208.512 2210.27		199.844 295.706 2126.37		0		
284.262 193.527 2247.12		288.499 137.85 2311.95		246.459 133.097 2291.3		211.135 208.463 2237.36		205.306 295.819 2174.72		0		
283.41 194.039 2244.3		287.799 138.093 2307.52		245.675 133.293 2287.09		213.189 208.547 2258.77		208.385 295.603 2219.82		0		
283.136 194.206 2241.37		287.507 138.181 2304.61		245.323 133.416 2284.37		215.073 210.171 2271.79		209.768 296.749 2253.75		0		
283.604 194.284 2240.43		287.809 138.227 2303.72		245.603 133.53 2283.11		216.46 210.602 2281.28		210.524 296.582 2279.63		0		
283.947 193.526 2240.95		288.028 137.417 2303.55		245.811 132.831 2283.16		217.572 210.964 2284.72		211.566 296.686 2292.04		0		
284.064 193.341 2240.54		288.153 137.253 2303.38		245.936 132.635 2282.82		218.261 209.811 2287.57		211.536 295.492 2294.39		0		
284.068 193.673 2241.16		288.225 137.53 2303.42		246.013 132.884 2282.96		217.676 210.253 2286.4		211.345 296.294 2284.33		0		
284.311 193.454 2242.61		288.391 137.241 2303.9		246.181 132.744 2284.2		217.491 211.153 2281.36		211.168 297.548 2274.24		0		
284.452 193.657 2243.15		288.575 137.438 2304.3		246.377 132.911 2284.59		216.904 211.218 2277.39		211.181 297.994 2258.35		0		
284.642 193.564 2245.08		288.912 137.243 2304.75		246.732 132.609 2284.89		216.392 211.779 2271.3		211.466 298.927 2239.88		0		
284.388 193.678 2245.67		288.94 137.364 2305.14		246.786 132.586 2285.77		215.403 210.598 2268.25		211.697 297.849 2224.51		0		
284.699 193.481 2247.66		289.339 137.154 2306.46		247.217 132.315 2287.08		213.915 210.123 2265.06		211.562 297.41 2211.76		0		
284.894 193.358 2249.15		289.574 136.967 2306.96		247.466 132.082 2287.34		213.367 209.182 2261.38		211.368 296.434 2198.88		0		
285.022 193.385 2249.54		289.732 136.981 2307.13		247.629 132.089 2287.63		213.273 209.103 2256.24		211.477 296.418 2187.32		0		
285.504 193.237 2250.11		290.122 136.858 2307.81		248.033 131.967 2287.81		213.086 208.244 2252.75		211.113 295.613 2180.83		0		
285.756 193.63 2249.87		290.349 137.275 2307.96		248.267 132.322 2287.28		213.013 207.625 2250.96		211.235 294.982 2176.8		0		
285.725 193.705 2249.81		290.333 137.33 2307.73		248.246 132.411 2287.43		213.189 207.307 2251.01		211.058 294.635 2175.88		0		
285.71 194.037 2249.95		290.352 137.658 2307.86		248.27 132.709 2287.49		213.014 207.425 2251.15		211.043 294.728 2175.29		0		
285.759 194.33 2249.57		290.413 137.945 2307.57		248.331 132.927 2286.64		212.74 207.217 2252.03		211.217 294.439 2175.39		0		
285.645 194.576 2249.22		290.324 138.184 2307.28		248.239 133.117 2286.03		212.921 208.606 2249.69		211.454 296.008 2174.06		0		
285.563 194.577 2248.96		290.333 138.193 2307.1		248.251 133.072 2285.96		212.984 209.614 2247.12		211.448 297.216 2173.22		0		
285.667 193.441 2250.35		290.518 137.413 2311.12		248.523 132.164 2289.82		212.719 208.578 2247.58		210.962 296.089 2172.43		0		
285.545 194.283 2244.66		290.45 137.842 2303.06		248.303 133.006 2285.65		212.705 206.735 2248.99		210.588 294.034 2171.24		0		
284.936 193.656 2242.7		290.191 137.374 2302.65		248.058 132.549 2287.66		212.529 207.412 2246.11		208.19 294.749 2165.85		0		
284.527 193.355 2241.26		289.947 137.179 2302.34		247.819 132.361 2288.52		211.889 207.194 2242.55		206.828 294.382 2155.65		0		
284.124 194.245 2239.66		289.721 137.763 2298.35		247.538 133.041 2286.37		211.186 207.681 2237.66		205.083 294.459 2139.15		0		
283.774 194.404 2239.4		289.532 137.816 2297.1		247.344 133.123 2286.35		209.417 210.505 2228.2		203.772 298.054 2116.48		0		
283.669 193.809 2239.19		289.522 137.518 2299.46		247.398 132.896 2290.03		208.238 211.914 2222.3		200.359 298.815 2091.07		0		
283.538 194.776 2236.97		289.455 138.322 2296.45		247.299 133.833 2288.6		205.698 211.955 2215.16		196.194 296.701 2055.56		0		
283.67 193.76 2238.45		289.5 137.534 2299.52		247.411 133.231 2292.81		203.631 211.313 2211.39		191.354 290.434 2017.29		0		
283.703 193.867 2238.64		289.522 137.757 2300.76		247.472 133.58 2295.09		202.888 209.401 2210.02		186.329 280.94 1977.76		0		
283.949 193.776 2239.1		289.555 137.703 2301.58		247.531 133.831 2297.27		201.271 206.594 2207.73		179.636 266.375 1942.12		0		
284.145 194.144 2238.62		289.466 138.111 2301.84		247.423 134.407 2297.2		198.754 203.876 2206.85		173.857 247.308 1910.11		0		
284.777 194.647 2238.55		289.749 138.588 2301.9		247.686 135.123 2297.21		195.788 200.431 2207.01		168.306 224.752 1890.92		0		
285.521 195.123 2238.26		290.007 139.035 2301.79		247.915 135.894 2296.95		193.331 196.191 2204.99		164.417 202.788 1880.9		0		
286.019 194.436 2239.55		290.176 138.32 2302.55		248.075 135.36 2297.29		192.873 192.449 2202.6		162.098 180.691 1883.51		0		
286.319 194.368 2240.31		290.348 138.297 2303.6		248.257 135.415 2298.25		193.4 188.772 2195.93		161.739 160.476 1893.71		0		
286.605 194.655 2240.58		290.504 138.542 2303.58		248.41 135.763 2298.33		192.428 185.522 2184.31		162.229 140.49 1908.89		0		
286.745 194.812 2240.73		290.519 138.684 2303.65		248.403 135.882 2297.42		191.381 182.031 2175.16		162.602 124.613 1926.99		0		
286.891 193.347 2242.5		290.387 137.599 2308.09		248.332 134.936 2301.36		189.665 178.035 2165.77		163.897 110.476 1948.48		0		
287.033 192.623 2243.59		290.362 137.049 2310.36		248.332 134.439 2303.07		188.719 173.825 2158.82		166.427 99.1861 1971.66		0		
287.374 193.068 2242.69		290.493 137.556 2310.35		248.434 134.909 2301.51		187.007 168.998 2153.29		168.797 89.3636 1994.75		0		
287.761 193.855 2242.03		290.787 138.038 2307.42		248.651 135.255 2296.8		185.003 164.024 2147.02		171.692 80.6295 2017.94		0		
288.125 193.43 2241.6		290.767 137.821 2308.86		248.621 134.959 2295.38		183.245 158.033 2142.09		174.849 72.5374 2039.25		0		
288.427 194.186 2240.96		290.985 138.28 2306		248.773 135.338 2291.15		182.127 153.227 2139.73		177.115 66.9735 2062.08		0		
288.552 193.439 2241.64		291.042 137.778 2308.49		248.868 134.721 2292.47		180.829 147.803 2136.57		179.221 61.4347 2082.4		0		
288.605 192.964 2241.59		291.021 137.489 2309.94		248.869 134.345 2292.89		179.582 143.685 2137.25		181.148 57.9886 2102.16		0		
287.97 193.049 2240.38		290.751 137.706 2310.01		248.614 134.345 2293.38		179.339 139.846 2139.27		184.618 55.3393 2121.48		0		
287.477 193.342 2238.92		290.479 138.088 2309.6		248.342 134.486 2292.33		179.112 136.858 2142.46		186.51 53.7094 2140.4		0		
287.135 193.622 2237.98		290.365 138.387 2309.02		248.231 134.469 2290.51		178.894 134.76 2143.29		187.464 52.6741 2155.1		0		
286.779 193.304 2238		290.253 138.045 2308.68		248.124 133.93 2289.94		178.782 131.404 2143.91		189.463 50.2354 2166.25		0		
286.802 193.952 2236.95		290.483 138.346 2304.99		248.301 133.988 2285.15		178.358 128.461 2146.26		190.731 48.0631 2176.41		0		
286.768 193.326 2237.17		290.456 137.933 2306.81		248.312 133.486 2286.53		178.116 126.696 2147.48		192.191 47.0689 2184.76		0		
286.797 193.983 2236.06		290.51 138.35 2304.06		248.315 133.877 2283.48		177.946 125.338 2148.01		193.238 46.0877 2189.55		0		
286.613 192.967 2236.92		290.345 137.546 2306.28		248.195 132.986 2285.31		177.732 124.34 2148.1		193.948 45.5638 2195.11		0		
286.514 192.519 2237.2		290.179 137.236 2307.57		248.048 132.715 2286.65		177.697 123.601 2147.35		195.228 45.53 2201.3		0		
286.576 193.77 2235.62		290.213 138.182 2304.08		248.016 133.661 2282.68		177.818 123.399 2146.94		195.938 45.541 2204.31		0		
286.466 193.306 2235.88		290.157 137.901 2305.68		248.002 133.23 2283.58		177.817 123.237 2147.8		196.269 45.5115 2208.27		0		
286.455 193.586 2235.32		290.122 138.025 2304.02		247.933 133.364 2281.68		177.998 123.438 2147.82		196.464 45.3967 2208.16		0		
286.184 193.965 2234.49		290.054 138.268 2302.23		247.841 133.507 2280.09		178.143 123.83 2146.15		196.598 45.4314 2206.76		0		
285.93 193.53 2234.42		289.925 138.153 2304.66		247.766 133.284 2282.73		178.251 124.277 2145.33		196.695 45.3835 2203.94		0		
285.852 193.568 2234.67		289.946 137.956 2302.87		247.755 133.08 2281.18		178.38 123.935 2143.23		196.814 44.5833 2200.36		0		
285.783 193.838 2234.34		289.963 138.079 2301.41		247.756 133.069 2278.92		178.293 124.456 2138.78		195.847 44.3923 2193.12		0		
285.578 193.859 2234.42		289.832 138.033 2300.88		247.618 132.978 2278.35		178.328 125.447 2133.87		192.771 43.7843 2179.3		0		
285.271 193.819 2234.41		289.579 137.97 2300.65		247.355 132.968 2278.82		178.203 125.974 2126.77		187.876 41.0458 2149.54		0		
285.068 194.23 2234.39		289.536 138.385 2300.69		247.322 133.291 2279.03		177.976 128.187 2120.03		181.963 39.7782 2109.82		0		
284.929 194.916 2233.62		289.603 139.186 2301.12		247.405 134.133 2281.15		178.655 132.942 2114.91		174.675 41.8661 2053.71		0		
284.964 194.875 2235.02		289.688 139.082 2301.65		247.498 134.115 2282.62		179.632 136.865 2107.58		165 46.2276 1986.1		0		
285.278 194.304 2237.43		289.96 138.801 2305.91		247.849 133.888 2287.36		180.693 141.402 2099.07		153.702 58.4137 1914.27		0		
285.66 194.682 2238.93		290.539 138.914 2304.77		248.42 134.021 2287.4		181.911 146.024 2093.73		144.094 83.0434 1848		0		
286.005 195.258 2239.42		291.049 139.337 2303.86		248.928 134.317 2286.3		183.755 152.621 2086.36		139.596 121.144 1806.93		0		
286 195.674 2238.98		291.114 139.707 2303.18		248.991 134.497 2284.35		187.246 160.619 2080.13		138.845 161.069 1798.38		0		
286.188 195.938 2238.6		291.344 139.925 2302.53		249.23 134.441 2281.53		192.583 168.713 2077.69		144.744 199.153 1821.43		0		
286.245 195.947 2237.13		291.417 139.964 2301.64		249.314 134.212 2278.53		197.642 177.028 2079.8		154.332 231.147 1863.77		0		
286.191 195.813 2235.7		291.374 139.855 2300.69		249.281 133.857 2275.61		200.615 185.205 2085.82		165.206 256.091 1909.41		0		
285.742 196.211 2233.24		290.873 140.013 2296.78		248.699 134.017 2271.01		204.275 191.54 2098.02		175.806 271.449 1946.98		0		
285.655 195.03 2235.14		290.857 138.945 2298.94		248.724 132.917 2273.46		207.564 197.337 2109.87		183.419 282.339 1973.52		0		
285.178 194.578 2235.43		290.527 138.553 2299.51		248.408 132.451 2274.32		209.413 200.942 2120.53		189.877 288.585 1990.14		0		
284.853 194.756 2235.41		290.283 138.429 2296.73		248.101 132.386 2272.07		211.284 203.62 2126.43		194.29 292.68 2001.82		0		
284.474 195.257 2234.68		289.904 138.806 2295.19		247.68 132.84 2270.96		212.592 204.436 2132.44		197.011 294.229 2009.62		0		
283.991 195.287 2234.51		289.425 138.787 2294.64		247.179 132.869 2270.71		212.237 205.219 2135.28		197.022 294.991 2011.58		0		
283.751 195.111 2234.88		289.191 138.549 2294.31		246.932 132.674 2270.67		212.767 206.036 2135.9		197.877 295.954 2010.71		0		
283.656 194.847 2235.32		289.094 138.281 2294.55		246.836 132.43 2271.1		212.919 206.285 2136.6		197.452 295.62 2010.09		0		
283.578 195.069 2235.08		289.134 138.515 2294.45		246.879 132.642 2271.56		214.004 205.733 2138.06		197.531 294.447 2006.46		0		
283.711 194.138 2236.25		289.435 137.967 2298.44		247.277 131.931 2275.72		212.666 204.919 2137.15		197.37 293.485 2004.1		0		
283.557 194.742 2235.11		289.364 138.409 2296.2		247.166 132.355 2273.63		212.1 203.792 2137.77		197.248 291.541 1997.16		0		
283.371 194.348 2235.27		289.322 138.294 2298.63		247.177 132.222 2277.12		212.433 202.883 2138.16		197.089 290.346 1993.02		0		
283.306 194.113 2235.66		289.328 138.21 2300.18		247.215 132.118 2279.12		212.54 202.497 2136.06		196.785 289.834 1987.02		0		
283.063 194.222 2235.03		289.04 138.438 2300.78		246.937 132.335 2279.5		212.671 202.902 2136.83		196.852 289.488 1984.31		0		
282.888 194.015 2235.43		289.079 138.305 2301.53		247.002 132.145 2281.12		212.707 202.59 2136.53		196.885 289.287 1982.97		0		
282.656 194.275 2234.98		288.953 138.553 2301.07		246.872 132.388 2281.22		213.469 202.688 2138.78		196.963 289.21 1982.13		0		
282.469 194.552 2234.4		288.811 138.821 2300.58		246.722 132.643 2280.87		214.022 202.791 2139.41		196.751 289.278 1981.03		0		
282.254 194.506 2234.77		288.79 138.797 2300.9		246.723 132.514 2281.46		214.51 202.682 2138.4		196.815 289.128 1979.84		0		
282.273 194.553 2234.62		288.853 138.837 2300.69		246.785 132.534 2281.35		214.063 202.925 2136.87		196.789 288.957 1977.33		0		
282.384 194.369 2234.94		288.936 138.667 2301.05		246.868 132.517 2282.88		212.895 202.81 2134.43		196.012 288.247 1970.94		0		
282.45 194.766 2234.68		288.92 139.06 2300.98		246.844 132.942 2282.56		212.321 202.682 2133.17		194.162 286.727 1959.84		0		
282.699 194.546 2236.16		289.047 138.8 2301.83		246.974 132.825 2283.86		211.651 202.556 2133.64		191.623 283.585 1942.24		0		
283.464 194.675 2234.5		289.486 138.921 2300.71		247.394 132.824 2279.87		210.991 202.07 2127.41		189.553 278.43 1913.07		0		
283.97 194.617 2234.61		289.7 138.814 2300.56		247.595 132.743 2278.16		209.874 201.8 2124.79		185.272 270.577 1884.61		0		
284.472 194.619 2235.16		289.973 138.777 2300.81		247.856 132.847 2278.22		208.168 200.537 2123.96		182.222 258.035 1855.34		0		
284.974 194.999 2235.51		290.158 139.091 2300.8		248.016 133.392 2278.21		205.692 198.67 2121.59		177.854 241.527 1825.88		0		
285.557 195.166 2236.38		290.509 139.203 2301.18		248.358 133.672 2278.57		201.958 196.248 2115.01		174.875 221.71 1800.72		0		
286.178 195.38 2236.63		290.641 139.405 2301.59		248.462 134.25 2279.25		197.816 190.61 2107.61		170.973 198.456 1785.46		0		
286.625 195.289 2237.4		290.899 139.258 2301.77		248.713 134.228 2279.32		196.368 184.723 2100.98		169.409 174.065 1782.72		0		
287.02 195.246 2238		290.796 139.218 2302.48		248.602 134.398 2278.79		197.048 179.365 2095.02		169.89 150.056 1789.35		0		
289.071 196.151 2237.33		291.649 140.06 2301.94		249.421 135.826 2276.05		197.931 174.887 2089.94		170.406 128.19 1805.77		0		
289.988 195.651 2239.6		291.977 139.467 2302.92		249.76 135.498 2275.54		196.762 170.423 2082.12		171.483 108.63 1827.17		0		
290.513 195.445 2240.1		292.32 139.253 2303.26		250.133 135.206 2274.12		195.638 164.74 2076.57		175.275 91.3784 1856.23		0		
290.734 195.363 2240.05		292.498 139.133 2302.88		250.326 134.985 2272.57		193.55 158.777 2071.85		178.289 77.9819 1888.49		0		
290.749 195.258 2239.67		292.588 139.05 2302.77		250.447 134.684 2271.11		191.567 152.454 2068.02		182.944 66.7386 1921.81		0		
290.568 195.286 2238.35		292.453 139.116 2302.07		250.322 134.592 2269.47		189.954 146.039 2067.04		186.123 57.6328 1954.4		0		
290.318 195.624 2236.33		292.193 139.554 2301.44		250.065 134.928 2268.19		188.588 138.57 2066.2		190.2 49.3077 1984.39		0		
290.12 195.667 2235.39		291.992 139.601 2300.76		249.871 134.873 2266.66		187.566 132.781 2067.83		194.119 44.2561 2013.15		0		
289.953 195.355 2234.47		291.886 139.29 2299.95		249.784 134.374 2264.68		186.868 128.872 2071.1		196.221 41.3467 2036.83		0		
289.837 195.593 2232.92		291.848 139.634 2299.69		249.797 134.448 2262.96		184.056 129.348 2076.22		197.407 42.9835 2053.91		0		
289.773 195.704 2231.98		291.821 139.718 2298.73		249.781 134.403 2261.13		182.939 129.63 2082.68		198.142 44.0863 2067.83		0		
289.611 195.703 2231.11		291.809 139.754 2298.33		249.782 134.28 2260.42		183.176 128.673 2084.83		198.609 43.6083 2077.01		0		
289.558 195.47 2231.39		291.955 139.5 2298.29		249.955 133.847 2260		183.314 128.258 2086.05		198.736 43.5264 2083.04		0		
289.569 195.424 2231.56		291.965 139.471 2298.56		249.978 133.787 2260.04		183.384 128.087 2085.87		198.848 43.5244 2085.58		0		
289.14 195.676 2229.69		291.94 139.827 2297.9		249.961 133.859 2259.73		183.134 127.63 2086.07		198.902 43.056 2085.23		0		
288.869 194.988 2230.89		291.845 139.121 2298.48		249.875 133.078 2260.6		183.276 127.649 2086.5		198.921 43.0685 2085.82		0		
288.781 194.787 2230.88		291.74 138.937 2298.59		249.767 132.906 2260.74		183.291 127.619 2086.64		198.553 42.815 2084.12		0		
288.812 195.031 2230.34		291.77 139.174 2298.16		249.773 133.201 2260.81		182.247 128.679 2088.18		198.18 43.8645 2083.08		0		
288.395 195.11 2229.69		291.457 139.301 2298.05		249.423 133.387 2261.87		181.976 129.42 2089.29		197.774 44.424 2081.56		0		
288.215 194.573 2230.56		291.244 138.759 2298.57		249.221 132.842 2262.11		181.892 129.796 2089.46		197.97 44.7261 2079.92		0		
288.191 195.098 2229.08		291.28 139.274 2297.43		249.225 133.371 2261.49		181.429 129.536 2088.58		198.268 44.5138 2078.1		0		
288.065 194.985 2229.78		291.189 139.134 2297.72		249.139 133.218 2261.74		181.632 129.674 2089.13		198.549 44.6375 2077.94		0		
287.944 194.578 2231.26		291.17 138.64 2298		249.137 132.655 2261.76		181.842 131.597 2089.66		198.291 46.3763 2076.76		0		
287.733 194.504 2231.56		291.147 138.598 2298.43		249.152 132.421 2261.72		182.426 132.24 2086.46		196.817 46.1616 2068.34		0		
287.483 194.895 2231.08		290.977 138.99 2298.13		248.946 132.885 2262.48		184.071 128.146 2077.51		196.331 41.3516 2058.42		0		
287.354 195.072 2230.95		290.834 139.142 2297.87		248.773 133.133 2262.87		184.946 127.817 2070.09		194.765 39.4622 2035.55		0		
287.44 194.795 2232.7		290.965 138.844 2298.99		248.907 132.904 2264.7		185.368 129.053 2061.38		189.866 38.7836 1992.79		0		
287.517 194.801 2234.21		291.026 138.788 2299.64		248.954 132.986 2266.2		185.534 133.477 2054.06		180.987 43.3742 1933.12		0		
287.549 195.05 2235.21		290.964 138.996 2300.17		248.857 133.443 2268.15		186.51 139.448 2050.21		169.193 57.3516 1864.38		0		
287.63 195.601 2235.64		291.043 139.529 2300.5		248.908 134.157 2269.91		186.565 145.723 2050.55		157.706 85.642 1807.48		0		
287.794 195.989 2236.31		291.276 139.888 2300.82		249.135 134.577 2271.11		187.997 153.984 2045.95		151.476 125.85 1771.61		0		
287.869 196.708 2235.87		291.488 140.238 2297.24		249.297 134.845 2266.9		191.437 163.177 2044.4		150.834 168.833 1774.46		0		
288.197 196.447 2236.32		291.614 140.045 2298.26		249.483 134.539 2265.84		195.666 172.796 2041.26		156.391 211.412 1811.18		0		
288.341 195.907 2235.36		291.679 139.633 2298.56		249.596 133.956 2264.58		200.182 183.035 2047.5		165.449 244.186 1861.57		0		
288.452 195.935 2233.71		291.848 139.468 2295.53		249.774 133.558 2259.5		203.486 191.54 2061.77		175.504 265.405 1906.18		0		
288.259 195.937 2233		291.758 139.386 2294.18		249.647 133.469 2258.55		207.116 198.694 2079.82		184.063 279.602 1944.96		0		
287.473 195.952 2231.77		290.89 139.303 2292.39		248.69 133.593 2257.83		209.367 203.144 2095.39		190.563 288.28 1974.3		0		
287.003 195.693 2231.99		290.287 139.022 2292.36		248.047 133.494 2258.45		212.091 205.339 2105.58		194.279 293.135 1995.19		0		
286.609 195.235 2232.29		289.804 138.515 2292.07		247.518 133.178 2259.14		213.951 206.055 2111.82		196.786 295.646 2003.08		0		
286.307 194.516 2233.31		289.301 137.772 2292.54		246.988 132.651 2260.14		215.474 206.474 2118.08		197.703 296.58 2005.58		0		
285.89 194.259 2233.05		288.798 137.521 2292.36		246.449 132.562 2260.84		216.228 206.537 2119.89		197.206 296.627 2001.91		0		
285.921 194.061 2232.98		288.793 137.315 2292.21		246.414 132.516 2261.91		215.176 206.239 2118.74		195.79 296.145 1995.47		0		
285.752 194.12 2232.38		288.597 137.393 2291.94		246.196 132.682 2262.3		213.856 205.85 2116.32		194.298 295.762 1988.19		0		
285.773 194.261 2232.51		288.721 137.559 2292.26		246.34 132.731 2262.27		213.522 204.658 2115.18		192.106 293.225 1979.07		0		
285.756 194.21 2232.83		288.671 137.471 2292.18		246.288 132.658 2262.01		213.397 203.652 2114.84		190.579 291.293 1971.91		0		
285.862 194.593 2232.01		288.805 137.876 2291.83		246.423 133.017 2261.51		213.273 202.924 2113.07		189.744 289.972 1966.96		0		
286.088 194.667 2232.05		289.075 137.931 2291.68		246.704 133.002 2261.02		213.252 202.614 2111.02		189.35 289.426 1961.21		0		
286.396 194.921 2231.22		289.434 138.218 2291.38		247.068 133.226 2260.64		213.217 202.5 2107.53		189.18 289.102 1955.75		0		
286.728 194.917 2231.78		289.843 138.223 2291.86		247.522 133.051 2260.05		212.479 202.171 2105		188.874 288.684 1950.66		0		
287.286 195.245 2231.53		290.316 138.546 2291.73		248.008 133.363 2259.34		211.873 201.78 2103.14		189.363 288.387 1945.17		0		
287.548 195.376 2231.56		290.522 138.647 2291.53		248.204 133.528 2259.33		211.824 200.572 2101.89		188.337 285.526 1935.29		0		
287.541 195.224 2231.47		290.518 138.497 2291.44		248.204 133.349 2259.01		211.827 200.088 2100.46		186.9 283.701 1923.52		0		
287.776 195.165 2231.42		290.811 138.487 2291.82		248.505 133.319 2259.74		211.566 199.669 2098.06		184.664 281.859 1913.16		0		
288.303 195.186 2231.57		291.36 138.526 2292.1		249.044 133.462 2261.19		210.821 198.824 2097.46		181.699 277.897 1900.58		0		
288.584 195.008 2232.02		291.656 138.312 2292.06		249.314 133.405 2262.62		209.392 197.37 2098.51		177.831 273.298 1888.58		0		
288.878 194.911 2232.39		292.095 138.26 2292.67		249.745 133.458 2265.22		207.487 195.443 2100.46		170.764 266.658 1876.9		0		
289.167 195.25 2232.48		292.382 138.535 2292.24		249.997 133.981 2266.94		204.584 192.851 2106		162.924 257.301 1865.5		0		
289.315 195.321 2232.31		292.524 138.563 2291.73		250.106 134.276 2268.76		200.785 189.721 2113.42		151.489 244.352 1857.44		0		
289.531 195.576 2231.24		292.622 138.851 2291.3		250.175 134.919 2270.85		195.769 185.248 2126		140.523 230.842 1857.33		0		
289.663 195.551 2230.59		292.637 138.818 2290.77		250.168 135.229 2272.69		191.18 181.385 2141.14		129.768 215.737 1863.14		0		
289.796 195.325 2230.33		292.721 138.562 2290.26		250.245 135.319 2275		186.298 175.564 2160.3		118.899 197.829 1879.14		0		
289.86 194.84 2229.62		292.773 138.013 2289.01		250.283 135.002 2275.79		181.296 169.303 2182.1		107.189 179.29 1905.16		0		
289.785 194.382 2228.62		292.754 137.598 2288.5		250.274 134.787 2277.46		176.986 162.486 2208.34		98.2605 159.947 1936.36		0		
289.646 194.518 2225.46		292.643 137.469 2283.64		250.095 134.854 2274.54		174.189 156.38 2238.89		91.9773 140.39 1982.36		0		
289.138 194.728 2222.59		292.049 137.311 2278.04		249.424 134.994 2271.07		171.748 150.391 2274.58		88.7073 119.741 2040.11		0		
286.845 193.964 2219.29		290.825 136.723 2276.51		248.304 134.133 2273.7		170.475 144.923 2307.24		90.709 101.136 2109.27		0		
284.322 193.344 2218.39		289.41 135.914 2273.2		247 132.997 2274.66		171.101 140.908 2344.54		100.871 85.5214 2208.8		0		
282.286 193.355 2214.58		287.989 135.663 2267.44		245.573 132.569 2271.29		172.375 137.381 2381.46		114.017 76.3185 2319.08		0		
280.996 193.513 2210.62		287.014 135.611 2262.28		244.648 132.658 2269.58		178.985 139.261 2407.22		125.009 84.7737 2419.82		0		
279.879 193.774 2206.79		285.875 135.839 2259.23		243.701 133.505 2271.84		182.778 141.521 2427.74		138.832 84.1184 2480.04		0		
277.85 194.223 2204.51		284.528 136.26 2256.79		242.759 134.225 2276.53		186.92 138.295 2452.9		151.443 78.2883 2536.29		0		
276.521 195.264 2201.51		283.603 137.303 2254.46		242.227 135.697 2280.5		188.615 136.255 2480.97		158.92 74.8642 2576.89		0		
275.039 195.128 2200.18		282.554 137.229 2253.63		241.559 135.913 2284.74		187.447 135.444 2505.62		162.208 73.832 2610.06		0		
273.972 194.904 2202.95		281.578 136.589 2251.27		240.881 135.386 2286.3		186.816 136.756 2513.36		162.86 73.753 2613.39		0		
273.511 194.429 2206.71		281.28 136.179 2254.48		241.011 135.277 2293.64		185.154 138.841 2509.73		161.91 74.7736 2606.18		0		
273.444 194.104 2210.1		281.377 135.876 2256.94		241.268 134.952 2297.43		181.789 139.281 2504.13		157.608 75.3613 2595.39		0		
273.299 194.329 2210.99		281.207 136.214 2258.87		241.082 135.315 2298.94		178.025 139.886 2479.16		150.224 76.3374 2565.15		0		
272.985 194.853 2212.02		281.208 136.824 2260.24		240.912 135.473 2297.97		172.22 141.225 2448.99		140.883 78.9136 2535.83		0		
272.712 195.413 2213.13		281.183 137.323 2260.23		240.503 135.235 2292.97		167.086 143.399 2409.27		128.823 82.6038 2484.87		0		
272.408 194.924 2216		281.237 136.808 2261.42		240.141 133.75 2287.58		162.805 146.781 2358.03		114.667 87.5256 2408.69		0		
272.673 195.101 2219.52		281.607 137.006 2264.07		240.165 133.2 2283.85		160.876 150.462 2304.2		100.937 95.0289 2321.92		0		
273.191 195.036 2222.64		282.169 136.841 2265.08		240.337 132.152 2276.55		160.97 154.298 2246.69		86.1799 107.62 2206.57		0		
273.759 195.115 2225.45		282.688 136.867 2266.54		240.539 131.305 2268.65		163.785 159.545 2192.58		76.6982 125.06 2084.93		0		
274.138 194.56 2227.15		282.937 136.557 2270.54		240.633 130.135 2262.68		169.301 164.662 2142.59		79.1176 151.876 1965.84		0		
274.662 194.002 2229.66		283.276 136.088 2273.46		240.942 128.822 2255.21		177.822 170.723 2183.88		123.639 178.168 1946.47		0		
275.291 194.054 2226.91		283.643 136.268 2273.2		241.408 128.094 2244.02		187.135 178.72 2185.6		157.658 197.352 1926.21		0		
277.218 193.995 2224.8		284.315 136.233 2273.24		242.447 127.52 2230.35		199.592 187.081 2148.51		194.108 217.099 1914.01		0		
278.464 195.348 2217.82		284.914 137.421 2267.39		243.674 127.795 2210.9		214.012 194.631 2093.06		239.457 239.726 1916.25		0		
282.364 196.742 2224.63		286.729 138.274 2268.09		246.696 129.02 2195.82		228.322 198.067 2074.66		276.583 247.565 1967.26		0		
284.383 196.998 2225.99		287.585 138.307 2267.49		248.592 128.932 2184.27		239.912 201.129 2069.9		301.901 248.382 2035.7		0		
286.218 196.874 2230.52		288.389 137.982 2268.82		250.717 128.595 2175.27		249.808 202.668 2069.67		317.089 246.615 2100.98		0		
287.194 197.197 2231.66		288.874 137.927 2265.32		252.252 128.637 2164.05		257.577 203.04 2068.26		324.853 244.322 2154.3		0		
288.485 197.184 2233.05		289.25 137.723 2264.07		253.813 128.61 2155.73		264.486 203.809 2066.38		328.591 243.236 2197.27		0		
289.736 197.139 2237.42		289.599 137.56 2265.42		255.583 128.696 2150.13		269.566 204.422 2064.67		330.261 242.659 2226.12		0		
290.722 196.706 2239.54		290.019 137.296 2268.95		257.237 128.074 2148.59		273.811 205.131 2064.63		332.052 243.355 2242.03		0		
291.162 196.995 2240.89		290.237 137.419 2267.69		258.247 128.364 2143.86		276.623 205.263 2065.46		333.464 244.324 2248.81		0		
291.883 198.124 2241.78		290.575 138.467 2267.26		259.114 129.648 2141.26		280.082 206.105 2070.7		334.906 245.658 2260.42		0		
292.271 198.114 2242.86		290.857 138.409 2267.29		259.64 129.698 2140.3		283.803 207.836 2076.99		336.51 247.005 2274.25		0		
292.403 198.135 2245.82		290.999 138.358 2268.11		259.945 129.887 2140.48		286.169 208.641 2083.35		337.235 247.899 2285.11		0		
292.753 198.287 2248.29		291.345 138.5 2269.53		260.348 130.18 2141.77		288.495 209.919 2090.12		338.482 248.949 2294.76		0		
292.78 198.161 2249.02		291.347 138.364 2269.82		260.312 130.119 2142.16		289.685 210.376 2094.13		339.622 250.04 2296.37		0		
292.843 198.531 2248.66		291.328 138.747 2269.82		260.195 130.542 2142.49		290.219 210.49 2095.81		340.629 251.092 2293.27		0		
293.052 198.548 2249.32		291.489 138.965 2273.08		260.232 130.513 2146.48		290.759 210.928 2099.28		341.732 251.934 2292.76		0		
293.054 197.763 2250.16		291.496 138.298 2275.16		260.068 129.708 2149.34		290.964 211.742 2099.6		342.407 252.414 2292.05		0		
293.267 198.245 2249.57		291.643 138.868 2276.06		259.942 130.245 2151.38		290.856 211.98 2099.01		342.741 252.666 2289.81		0		
293.133 198.404 2248.46		291.497 139.087 2276.17		259.397 130.458 2153		291.022 212.398 2099.95		343.256 252.93 2289.58		0		
292.898 198.518 2246.96		291.279 139.234 2275.67		258.726 130.629 2154.23		291.114 212.691 2101.62		343.754 253.086 2289.74		0		
292.6 198.407 2248.54		291.021 139.12 2276.67		258.195 130.665 2156.28		290.86 212.369 2101.89		343.853 253.272 2287.13		0		
292.422 197.743 2248.14		290.825 138.489 2276.74		257.806 130.016 2157.1		290.021 211.42 2100.72		343.045 253.838 2281.62		0		
292.359 198.494 2246.1		290.649 139.255 2275.67		257.307 130.871 2157.27		289.441 210.716 2099.49		342.049 255.115 2275.86		0		
292.222 198.705 2244.07		290.463 139.485 2274.59		256.799 131.134 2157.47		289.678 211.101 2100.03		342.398 256.326 2272.8		0		
292.393 197.244 2244.13		290.451 138.348 2278.26		256.691 129.667 2161.95		290.196 211.709 2100.42		343.114 257.471 2270.04		0		
292.316 197.457 2243.38		290.317 138.444 2276.35		256.128 130.098 2161.69		289.642 211.494 2097.97		344.986 256.888 2258.37		0		
292.523 196.817 2243.1		290.347 138.073 2279.18		255.843 129.613 2166.28		288.57 211.385 2090.75		347.166 255.63 2240.9		0		
292.29 197.4 2242.2		290.184 138.485 2276.69		255.143 130.413 2166.05		286.217 211.228 2079.6		348.927 255.295 2209.5		0		
292.312 196.762 2243.27		290.256 138.053 2279.8		254.682 130.017 2172.24		282.285 210.773 2067.5		348.912 257.412 2155.6		0		
292.086 197.088 2242.02		290.207 138.203 2276.99		253.909 130.587 2173.02		273.934 208.273 2054.04		341.462 257.04 2081.97		0		
292.191 195.959 2241.5		290.222 137.403 2280.18		253.094 129.976 2181.6		264.049 206.241 2046.03		328.927 258.751 2013.25		0		
292.004 196.196 2242.85		290.268 137.628 2281.19		252.288 130.669 2188.36		253.978 205.541 2039.36		310.074 263.37 1950.09		0		
291.903 195.521 2243.78		290.377 137.236 2284.99		251.555 130.591 2199.15		241.727 205.613 2038.14		283.146 266.669 1891.18		0		
291.895 195.674 2244.43		290.782 137.24 2283.96		250.875 131.414 2208.1		226.99 205.338 2043.08		246.278 269.671 1851.86		0		
292.004 195.904 2244.61		291.062 137.368 2283.04		250.322 132.346 2216.05		212.802 203.63 2052.98		212.06 268.687 1835.01		0		
291.988 195.464 2242.98		291.408 137.192 2284.81		250.053 132.609 2226.84		200.589 200.612 2071.52		170.008 264.27 1854.01		0		
291.948 196.015 2239.55		291.573 137.631 2281.3		249.615 133.836 2233.13		191.183 194.339 2101.06		134.748 250.632 1901.79		0		
291.045 195.078 2236.45		291.172 136.945 2281.6		248.869 133.499 2241.93		183.159 186.793 2135.36		108.338 230.51 1976.92		0		
287.056 194.624 2231.37		289.601 136.478 2276.93		247.056 132.446 2248.97		174.525 176.864 2172.19		89.0822 207.595 2053.03		0		
285.063 194.203 2228.11		288.829 136.057 2274.08		246.175 131.925 2254.04		166.153 166.814 2210.88		75.1495 181.911 2122.19		0		
283.257 194.551 2226.36		288.103 136.095 2268.89		245.41 131.936 2256.51		159.348 155.54 2244.54		68.7348 155.859 2186		0		
282.132 194.4 2225.03		287.47 135.805 2266.15		244.755 131.676 2257.67		155.722 144.684 2277.26		69.1959 127.614 2244.44		0		
279.2 194.178 2222.05		286.064 135.685 2263.56		243.505 131.02 2260.59		155.118 133.809 2296.34		73.9573 102.129 2272.96		0		
277.582 193.932 2221.09		284.958 135.464 2262.67		242.452 130.676 2262.05		155.421 123.74 2302.42		82.1778 78.7818 2292.34		0		
276.567 193.929 2220.84		284.198 135.445 2262.09		241.715 130.586 2262.57		155.897 114.861 2303.29		92.0768 57.8596 2293.15		0		
275.634 193.877 2220.86		283.092 135.321 2261.58		240.562 130.558 2261.67		159.863 110.546 2285.06		104.877 43.5416 2267.83		0		
274.871 194.128 2221.05		282.091 135.233 2258.12		239.405 130.404 2255.75		161.198 103.893 2254.29		113.74 28.2253 2224.57		0		
274.093 194.999 2219.77		281.289 135.955 2255.74		238.452 130.749 2248.78		161.516 99.3878 2216.06		123.025 14.759 2159.86		0		
273.488 196.294 2219.09		280.721 137.139 2254.18		237.776 131.498 2242.3		162.648 96.4747 2167.73		131.226 4.48805 2081.23		0		
273.487 196.793 2219.02		280.33 137.597 2254.23		237.303 131.856 2237.89		164.456 96.4621 2111.83		138.805 -1.19 1987.42		0		
273.628 197.172 2220.39		279.719 137.876 2254.85		236.617 132.404 2235.23		167.748 103.214 2057.27		145.497 3.368 1888.99		0		
273.725 197.292 2221.81		279.344 137.885 2254.94		236.191 132.618 2233.58		173.711 118.9 2032.6		153.969 24.8833 1821.23		0		
274.876 197.207 2223.33		279.657 137.716 2255.64		236.462 132.929 2232.9		179.61 132.011 2034.14		164.679 63.3453 1772.11		0		
275.638 197.205 2222.81		279.78 137.719 2255.85		236.55 133.388 2233.34		186.251 151.345 2028.05		174.469 113.54 1738.79		0		
276.99 197.035 2218.94		280.559 137.601 2254.2		237.276 133.705 2232.51		192.647 173.368 2024.8		178.163 168.394 1725.61		0		
278.683 197.057 2223.59		281.39 137.793 2259.81		238.189 134.49 2238.17		196.375 192.975 2041.47		175.37 219.543 1757.64		0		
279.981 197.069 2225.64		282.487 137.651 2259.44		239.29 134.698 2240.22		198.741 209.611 2076.42		171.497 266.593 1852.32		0		
281.557 196.922 2228.11		283.908 137.418 2260.09		240.825 135.104 2247.53		200.584 220.243 2127.11		170.699 288.662 1983.16		0		
282.49 197.952 2227.73		284.878 138.189 2256.64		241.91 136.413 2251.58		199.262 220.847 2196.83		173.467 296.671 2075.08		0		
283.391 198.622 2226.25		285.875 138.549 2251.5		243.117 137.289 2255.06		201.832 217.977 2263.07		169.817 290.913 2226.25		0		
284.322 197.788 2226.92		287.075 137.55 2249.33		244.823 136.806 2263.64		200.986 213.493 2327.98		163.828 279.045 2363.88		0		
285.156 197.469 2225.41		288.147 137.21 2247.98		246.272 136.847 2269.56		198.978 207.324 2387.44		156.779 262.048 2485.85		0		
285.39 197.617 2224.25		288.552 137.358 2247.22		247.288 137.529 2277.52		197.9 199.228 2438.07		151.337 241.04 2579.45		0		
285.695 197.592 2223.8		288.99 137.312 2246.56		248.266 137.883 2283.81		194.609 188.881 2486.55		144.686 219.864 2650.05		0		
285.632 197.381 2224.88		289.461 137.128 2247.14		249.249 137.72 2290.01		204.138 174.902 2484.13		155.208 193.976 2653.44		0		
285.555 196.747 2227.01		289.725 136.686 2250.81		249.903 137.408 2297.25		209.322 164.579 2487.57		162.361 171.472 2649		0		
285.084 196.831 2230.93		289.612 136.875 2254.43		250.225 137.598 2304.45		212.616 157.987 2488.46		164.556 151.38 2641.48		0		
284.688 196.953 2233.97		289.474 137.022 2256.42		250.228 137.577 2307.46		208.3 147.573 2491.83		161.093 130.968 2635.63		0		
281.014 196.182 2245.43		287.584 136.562 2265.09		248.928 135.98 2318.88		203.306 135.635 2491.72		155.594 107.83 2608.1		0		
278.556 196.024 2247.16		286.271 136.904 2271.57		247.571 135.717 2323.49		193.537 120.721 2491.95		147.499 81.2745 2584.45		0		
277.147 196.155 2249.94		285.277 137.216 2275.43		246.275 135.509 2323.49		185.858 106.853 2476.25		141.861 54.9825 2535.32		0		
276.221 196.62 2251.96		284.603 137.812 2278.3		245.188 135.57 2321.33		185.761 102.07 2437.51		143.29 39.2296 2453.13		0		
275.542 196.926 2254.64		283.984 138.165 2280.69		244.133 135.426 2318.18		183.926 95.9189 2390.97		144.735 22.8152 2356.62		0		
275.161 196.774 2255.95		283.677 138.264 2284.83		243.398 135.084 2316.06		182.478 91.0514 2336.31		147.617 9.31921 2249.24		0		
275.13 196.724 2257.37		283.667 138.33 2287.3		242.96 134.63 2311.84		181.277 87.5322 2274.37		152.314 -0.611664 2136.96		0		
274.844 197.499 2258.35		283.242 139.121 2288.58		242.149 135 2306.59		181.086 86.8131 2207.73		157.319 -4.99962 2027.31		0		
274.845 197.185 2258.11		282.962 139.07 2292.17		241.583 134.728 2304.09		182.743 91.1585 2145.15		162.038 -1.01366 1927.71		0		
274.821 197.097 2259.98		282.571 138.88 2292.73		241.029 134.563 2301.96		187.2 102.628 2093.92		168.726 15.026 1842.15		0		
274.992 197.225 2258.42		282.429 139.246 2295.08		240.709 134.818 2299.68		191.48 115.316 2083.51		175.619 50.6759 1793.69		0		
275.21 195.94 2256.88		282.577 138.357 2298.45		240.714 133.418 2296.28		196.336 129.308 2070.97		185.445 87.9766 1761.04		0		
275.798 195.439 2256.04		282.584 138.032 2300.45		240.593 133.091 2293.54		199.649 148.397 2044.32		191.73 130.317 1724.49		0		
276.718 197.065 2254.77		283.249 139.329 2296.49		241.085 134.156 2284.74		204.658 167.915 2040.41		197.278 170.309 1717.02		0		
277.081 197.164 2254.12		283.361 139.295 2294.86		241.102 133.951 2279.08		209.878 182.988 2048.56		202.105 212.296 1740.36		0		
277.475 197.328 2249.04		283.626 139.259 2289.17		241.233 133.719 2270.13		211.634 195.129 2060.41		202.781 246.484 1778.94		0		
277.603 196.901 2247.28		283.621 138.752 2287.07		241.166 133.333 2268.39		211.627 204.322 2076.01		199.362 271.665 1832.37		0		
277.733 196.321 2246.17		283.696 138.394 2288.74		241.27 133.109 2271.42		210.109 211.656 2101.96		193.458 288.249 1886.22		0		
278.024 196.334 2247.79		283.938 138.206 2287.61		241.497 133.128 2272.13		207.334 216.713 2128.63		183.915 299.429 1943.55		0		
278.15 197.04 2246.93		283.975 138.766 2285.55		241.528 134.055 2273.51		203.875 218.183 2158.82		172.929 301.722 1998.18		0		
278.657 197.177 2246.8		284.256 138.824 2284.78		241.832 134.556 2276.05		201.752 218.508 2189.26		162.542 299.055 2044.19		0		
279.115 197.256 2246.4		284.5 138.861 2284.25		242.132 135.061 2279.2		199.879 217.25 2215.11		151.889 293.111 2078.9		0		
280.223 195.696 2247.7		285.562 137.571 2288		243.346 134.103 2286.27		198.585 214.102 2239.65		142.417 282.871 2099		0		
280.708 195.809 2246.28		286.012 137.595 2286.04		243.843 134.398 2287.26		198.584 211.382 2258.38		133.501 271.202 2121.5		0		
280.916 194.853 2246.39		286.17 136.87 2288.58		244.16 134.054 2293.19		198.93 208.572 2270.53		127.146 260.241 2137.75		0		
281.146 195.441 2244.47		286.501 137.338 2285.9		244.568 134.71 2293.62		199.22 206.134 2280.5		122.653 249.565 2139.92		0		
281.037 195.973 2243.42		286.465 137.809 2284.52		244.602 135.324 2294.47		198.623 204.025 2287.45		118.469 240.321 2141.64		0		
281.2 196.002 2243.53		286.597 137.783 2284.01		244.784 135.429 2295.37		197.434 201.451 2288.64		115.288 233.31 2137.92		0		
281.296 195.315 2244.51		286.867 137.354 2287.29		245.131 134.961 2299.01		197.579 200.197 2286.23		114.284 228.743 2128.12		0		
281.771 195.065 2245.16		287.379 137.242 2289.19		245.654 134.801 2300.47		197.834 198.759 2282.83		115.337 226.494 2114.74		0		
281.761 195.229 2244.92		287.568 137.535 2290.28		245.845 134.924 2301.01		197.24 198.334 2277.53		115.241 225.558 2098.44		0		
281.973 194.784 2245.65		287.922 137.119 2290.91		246.141 134.234 2299.85		197.111 198.031 2272.07		116.952 227.72 2083.77		0		
282.389 194.564 2245.58		288.549 137.013 2291.82		246.73 133.831 2299.15		197.888 197.993 2265.35		119.491 230.099 2067.84		0		
282.911 195.493 2243.91		289.089 137.997 2291.35		247.18 134.594 2296.47		198.719 199.171 2259.45		122.588 235.189 2055.47		0		
283.008 196.474 2241.92		289.327 139.069 2290.91		247.362 135.42 2294.38		199.799 199.497 2251.86		126.906 241.138 2050.54		0		
283.33 196.444 2241.93		289.746 139.027 2290.7		247.718 135.086 2291.95		200.643 199.826 2247.34		130.919 245.33 2038.43		0		
283.559 195.164 2244.32		289.836 138.051 2295.42		247.827 134.004 2294.52		201.614 200.761 2238.51		136.372 251.755 2032.24		0		
283.633 193.902 2245.83		289.939 137.278 2301		248.01 133.142 2299.24		202.014 202.356 2233.01		142.966 258.465 2024.08		0		
283.635 194.182 2245.71		290.006 137.498 2300.38		248.041 133.179 2297.31		202.805 204.201 2227.04		149.827 265.306 2020.37		0		
283.464 193.792 2246.98		289.805 137.06 2300.84		247.838 132.734 2297.48		204.522 205.79 2222.88		155.524 271.016 2022.72		0		
283.648 193.663 2247.93		290.017 136.905 2301.27		248.051 132.509 2297.47		205.931 206.569 2220.35		165.358 276.534 2019.19		0		
283.265 194.201 2247.34		289.769 137.489 2301.29		247.793 132.899 2296.47		207.618 206.751 2219.41		176.239 280.288 2024.16		0		
283.049 193.154 2248.72		289.289 136.713 2304.95		247.347 132.246 2299.44		209.674 209.809 2213.51		186.189 286.247 2021.23		0		
282.721 193.283 2248.23		288.896 136.977 2305.94		246.976 132.629 2301.01		211.094 209.567 2215.43		197.249 288.25 2033.89		0		
282.663 193.728 2248.08		288.543 137.465 2306.59		246.59 133.181 2300.24		214.084 208.485 2216.29		207.005 288.867 2046		0		
282.556 194.154 2247.36		288.24 137.894 2306.34		246.26 133.711 2299.57		215.554 204.53 2225.12		215.021 284.85 2061.2		0		
282.796 193.969 2247.91		288.019 137.727 2307.21		246.019 133.84 2300.1		216.213 204.647 2224.82		220.309 284.626 2061.15		0		
282.91 193.957 2248.32		287.88 137.658 2307.17		245.857 133.912 2299.69		215.946 208.826 2213.42		225.157 288.812 2050.46		0		
282.86 193.893 2249.1		287.586 137.59 2307.87		245.547 133.925 2299.49		216.186 211.801 2204.41		228.185 291.485 2038.72		0		
282.916 193.773 2249.79		287.595 137.445 2308.17		245.552 133.761 2299.32		215.829 212.786 2199.5		228.535 291.742 2027.8		0		
282.975 193.969 2250.04		287.478 137.649 2308.59		245.423 134.022 2299.08		215.842 212.496 2195.82		227.192 291.097 2018.61		0		
282.931 194.42 2249.72		287.488 138.1 2308.42		245.426 134.376 2298.37		215.824 212.663 2192.25		225.826 290.987 2010.27		0		
282.633 194.589 2249.75		287.2 138.266 2308.46		245.139 134.562 2298.59		215.332 214.192 2189.69		223.945 291.758 2004.77		0		
282.642 195.006 2249.29		287.3 138.662 2307.96		245.228 134.831 2297.52		215.28 215.031 2185.37		222.938 292.198 2000.67		0		
282.473 194.82 2250.1		287.078 138.467 2308.49		245 134.559 2296.94		215.504 216.179 2182.72		222.87 292.807 1999.65		0		
282.595 194.377 2251.22		287.168 137.997 2309		245.088 133.991 2296.34		215.88 214.556 2183.7		222.728 291.519 2006.28		0		
282.917 194.693 2250.99		287.244 138.336 2309.24		245.144 134.313 2294.84		217.547 215.709 2179.7		223.604 294.056 2010.41		0		
283.495 195.029 2251.09		287.644 138.66 2309.38		245.533 134.553 2293.08		218.878 216.173 2176.77		224.133 295.931 2014.23		0		
283.706 195.285 2251.02		287.602 138.9 2309.37		245.472 134.823 2291.65		220.662 216.486 2172.21		224.511 297.012 2017.27		0		
284.04 194.974 2252.23		287.896 138.562 2309.98		245.778 134.37 2290.93		220.658 216.998 2171.53		224.639 297.642 2019.48		0		
284.03 194.621 2252.8		287.717 138.243 2310.74		245.6 134.133 2291.34		221.778 217.601 2168.95		224.782 297.993 2021.02		0		
284.239 194.476 2246.49		287.877 137.84 2303.43		245.621 133.797 2284.32		223.107 214.652 2166.81		225.147 295.064 2023.44		0		
284.098 194.751 2242.33		287.74 138.012 2299.34		245.407 133.943 2280.02		222.983 214.41 2162.09		225.323 294.822 2019.63		0		
284.145 194.748 2241.17		287.864 137.933 2297.69		245.505 133.845 2278.68		222.732 214.278 2159.66		225.067 294.597 2016.72		0		
284.418 194.966 2240.15		287.923 138.174 2297.27		245.55 134.087 2276.93		223.366 214.625 2157.33		224.248 294.71 2010.88		0		
284.565 195.13 2239.51		287.951 138.327 2296.77		245.563 134.284 2276.06		223.869 215.534 2154.69		224.023 295.415 2004.92		0		
284.699 194.236 2240.7		288.012 137.704 2300.02		245.681 133.757 2280		223.549 218.292 2149.91		225.277 297.998 1997.22		0		
284.937 193.832 2241.39		288.19 137.464 2301.97		245.895 133.532 2281.92		223.747 217.577 2151.04		224.585 296.984 1996.11		0		
284.9 193.925 2241.44		287.952 137.689 2303.3		245.67 133.941 2283.71		223.5 217.345 2152.3		224.779 296.541 1996.64		0		
284.82 194.344 2240.76		287.744 138.11 2302.95		245.447 134.51 2283.83		223.266 216.069 2155.54		224.995 295.062 2000.41		0		
284.766 194.575 2240.36		287.655 138.321 2302.52		245.347 134.723 2283.17		222.946 216.51 2155.64		225.205 295.497 2000.71		0		
284.722 194.629 2240.71		287.592 138.356 2302.64		245.284 134.793 2283.45		222.127 219.31 2154.15		227.331 296.598 1999.58		0		
