309.906 207.154 2134.68		311.756 149.439 2177.48		269.702 146.46 2158.37		205.538 115.464 2130.54		234 50 2208		0		
310.858 200.079 2143.29		313.314 144.404 2200.65		271.8 140.463 2180.54		204.016 115.87 2141.26		232.393 48.9333 2204.72		0		
311.406 197.298 2147.93		313.882 142.249 2209.56		272.555 138.115 2188.9		202.702 118.096 2146.32		229.054 49.2886 2198.75		0		
311.877 196.287 2148.42		313.937 141.361 2211.17		272.621 137.487 2190.44		201.765 120.086 2148.91		225.781 50.6265 2203.84		0		
312.138 194.886 2149.61		313.678 140.246 2214.4		272.392 136.737 2193.98		200.995 122.165 2150.38		221.518 51.6277 2205.17		0		
312.553 194.868 2149.61		313.366 140.028 2212.91		272.014 137.126 2192.88		200.938 124.563 2151.08		218.128 53.2776 2206.2		0		
312.732 195.897 2148.1		312.69 140.642 2208.5		271.224 138.429 2188.41		199.763 125.51 2151.83		214.843 53.8687 2206.57		0		
312.683 193.338 2150.18		311.798 138.99 2216.73		270.456 137.389 2197.63		197.988 128.047 2152.8		213.057 56.8439 2209.27		0		
312.621 193.707 2148.93		311.194 139.1 2213.77		269.774 138.118 2196.18		196.722 129.7 2151.68		211.213 58.6745 2210.93		0		
312.197 193.757 2148.07		310.459 139.005 2211.93		268.991 138.385 2195.22		195.76 131.005 2151.95		210.097 59.8099 2210.04		0		
311.967 194.439 2147.01		309.756 139.28 2207.71		268.204 139.063 2190.99		194.794 132.007 2151.06		209.322 60.4192 2207.32		0		
311.722 194.553 2145.99		309.08 139.512 2207.8		267.529 139.604 2191.08		194.257 133.459 2150.73		207.473 61.4029 2203.37		0		
311.54 194.777 2146.02		308.446 139.49 2205.59		266.857 139.932 2188.72		194.075 134.299 2150.12		206.8 62.2186 2204.48		0		
310.835 195.209 2145.68		307.603 139.78 2204.17		265.983 140.402 2187.69		193.772 134.435 2150.08		205.846 62.6249 2207.46		0		
309.973 196.312 2144.55		306.774 140.481 2200		265.071 141.273 2184.7		193.466 134.901 2149.21		205.409 62.9271 2206.64		0		
309.136 196.255 2143.7		305.982 140.56 2200.58		264.285 141.414 2186.07		193.206 135.692 2150.23		204.362 63.0975 2201.54		0		
308.279 195.988 2144.12		305.207 140.362 2201.5		263.522 141.23 2187.55		191.591 135.869 2151		202.939 62.7634 2199.15		0		
307.622 195.832 2144.59		304.503 140.317 2202.77		262.841 141.258 2189.11		191.471 136.271 2149.49		203.079 63.104 2198.13		0		
306.943 195.765 2145.22		303.946 140.167 2202.58		262.274 141.039 2188.92		190.612 136.382 2150.27		203.229 63.1518 2198.19		0		
306.455 195.789 2145.24		303.504 140.208 2202.77		261.831 141.038 2188.98		190.006 136.293 2149.42		204.273 63.2587 2198.2		0		
305.964 195.862 2145.16		303.185 140.228 2202.35		261.497 140.925 2188.37		188.65 135.436 2146.77		203.969 62.8696 2197.14		0		
305.595 195.89 2145.37		302.877 140.262 2202.6		261.189 140.895 2188.4		188.245 135.313 2148.05		204.785 63.0336 2197.75		0		
305.263 195.202 2144.75		302.681 139.978 2205.4		261.044 140.513 2191.47		188.028 135.318 2147.44		205.279 63.1324 2197.46		0		
304.824 195.394 2144.48		302.462 139.949 2203.47		260.783 140.365 2189.68		187.855 135.448 2149.36		205.67 63.1895 2195.11		0		
304.444 195.242 2144.46		302.119 139.688 2202.52		260.419 140.086 2188.69		187.5 134.993 2146.34		204.987 62.834 2192.77		0		
304.109 195.129 2144.3		301.908 139.556 2202.27		260.2 139.863 2188.39		187.293 135.109 2145.21		205.309 63.0546 2191.75		0		
303.739 195.148 2144.07		301.721 139.577 2202.18		260.008 139.761 2188.35		187.25 135.272 2144.79		205.172 62.8444 2187.96		0		
303.305 194.585 2144.94		301.461 139.323 2205.4		259.804 139.347 2191.42		187.483 135.403 2144.61		205.028 62.7484 2187.65		0		
302.96 194.859 2144.79		301.25 139.402 2203.73		259.557 139.313 2189.43		187.456 135.359 2143.79		204.796 62.6727 2188.19		0		
302.675 194.455 2145.82		301.053 139.229 2206.43		259.408 139.019 2191.78		187.214 135.097 2142.16		204.776 62.558 2186.85		0		
302.507 193.967 2146.88		300.898 138.842 2208.02		259.282 138.612 2193.32		187.365 135.509 2141.07		204.858 62.5771 2183.54		0		
302.542 193.803 2147.54		301.001 138.768 2209.28		259.407 138.443 2194.26		187.12 134.107 2141.16		206.085 61.8494 2186.85		0		
302.535 193.7 2147.58		301.241 138.777 2210.27		259.667 138.254 2195.22		186.875 133.423 2140.36		207.004 61.5605 2186.48		0		
302.611 194.43 2147.2		301.364 139.133 2207		259.728 138.6 2191.85		187.039 133.765 2141.69		207.349 61.5054 2184.09		0		
302.468 195.13 2146.34		301.327 139.62 2204.71		259.646 139.008 2189.36		187.281 133.544 2140.62		208.181 61.3486 2184.68		0		
302.354 195.427 2145.89		301.334 139.822 2203.64		259.633 139.108 2188.1		187.437 133.771 2139.6		208.225 61.2964 2183.2		0		
302.153 195.603 2145.02		301.278 139.974 2202.84		259.561 139.141 2187.15		187.66 133.937 2137.57		208.633 61.2821 2181.52		0		
302.029 195.717 2144.81		301.289 140.043 2202.34		259.563 139.102 2186.51		187.704 134.144 2138.12		208.887 61.3127 2180.5		0		
301.897 195.862 2144.81		301.25 140.181 2202.33		259.524 139.143 2186.22		187.641 134.092 2137.45		208.993 61.2502 2179.36		0		
301.805 196.004 2144.59		301.239 140.303 2202.02		259.507 139.187 2185.73		187.665 133.952 2136		209.052 61.2186 2178.81		0		
301.665 196.183 2143.99		301.223 140.505 2201.82		259.489 139.29 2185.47		187.797 134.143 2135.71		208.982 61.2029 2176.55		0		
301.515 196.368 2143.31		301.275 140.713 2201.55		259.537 139.346 2185.18		188.066 133.806 2134.52		209.11 61.0593 2175.13		0		
301.471 196.595 2142.57		301.291 140.99 2201.47		259.553 139.576 2185.13		188.224 133.586 2133.44		210.027 61.3286 2176.03		0		
301.447 196.742 2142.39		301.314 141.122 2201.23		259.572 139.664 2184.79		188.472 133.695 2134.19		210.618 61.4706 2175		0		
301.435 196.888 2141.86		301.254 141.302 2201.15		259.51 139.855 2184.54		188.141 133.78 2133.85		210.9 61.5145 2174.17		0		
301.463 196.696 2141.95		301.323 141.106 2201.14		259.579 139.64 2184.63		187.979 133.833 2133.63		211.048 61.4958 2173.42		0		
301.427 196.406 2142.13		301.412 140.797 2201.07		259.669 139.251 2184.64		188.181 133.453 2132.85		211.404 61.4037 2174.37		0		
301.369 196.339 2142.55		301.401 140.743 2201.49		259.666 139.164 2185.07		188.051 133.595 2132.32		211.365 61.4456 2173.94		0		
301.316 196.413 2142.49		301.38 140.813 2201.43		259.644 139.204 2184.94		187.947 133.478 2132.31		211.604 61.4004 2175.01		0		
301.278 196.408 2142.43		301.37 140.801 2201.32		259.633 139.177 2184.87		187.893 133.813 2130.77		211.534 61.3723 2170.53		0		
301.242 196.499 2142.17		301.456 140.913 2201.33		259.721 139.217 2185.04		187.959 134.026 2130.55		211.37 61.5835 2170.78		0		
301.228 196.503 2142.17		301.598 140.892 2201.12		259.863 139.096 2184.92		187.977 133.958 2130.37		211.377 61.6101 2171.51		0		
301.19 196.4 2142.14		301.575 140.829 2201.41		259.846 138.998 2185.05		188.667 134.35 2129.94		211.478 61.5262 2169.29		0		
301.125 195.732 2143.02		301.525 140.468 2204.53		259.856 138.605 2188.27		188.611 134.395 2131.14		211.188 61.5713 2167.42		0		
301.085 195.906 2142.02		301.565 140.484 2202.45		259.858 138.596 2186.35		188.283 134.551 2130.28		211.127 61.5144 2165.47		0		
301.03 195.341 2142.72		301.48 140.189 2205.13		259.824 138.31 2189.15		188.741 134.962 2130.9		211.003 61.5995 2165.49		0		
301.024 194.89 2143.06		301.315 139.866 2206.36		259.678 138.081 2190.3		189.078 135.197 2130.07		210.807 61.6207 2164.48		0		
301.105 194.6 2143.27		301.395 139.685 2207.35		259.777 137.891 2191.33		189.561 135.053 2129.18		210.938 61.6767 2166.97		0		
301.206 194.255 2143.14		301.501 139.368 2207.4		259.886 137.543 2191.22		189.427 135.476 2129.67		210.836 61.605 2164.53		0		
301.342 192.85 2144.96		301.677 138.355 2211.63		260.145 136.434 2195.28		189.348 135.797 2131.72		210.929 61.5202 2163.37		0		
301.604 194.295 2142.25		301.834 139.313 2205.86		260.191 137.568 2189.97		189.46 135.025 2129.53		209.865 60.3082 2164.85		0		
301.683 194.081 2142.26		301.797 139.152 2206.27		260.16 137.502 2190.51		189.305 135.882 2130.56		210.375 60.7488 2163.08		0		
301.765 193.477 2142.65		301.885 138.951 2209.63		260.313 137.228 2193.68		189.533 136.086 2130.11		210.558 61.1476 2162.31		0		
301.835 192.455 2143.8		301.963 138.196 2212.42		260.445 136.409 2196.25		190.102 136.372 2131.01		209.684 61.2547 2161.09		0		
301.698 192.995 2143.39		301.977 138.462 2210.09		260.417 136.605 2193.98		190.407 136.306 2130.63		209.061 61.3506 2161.92		0		
301.626 193.332 2142.99		301.98 138.677 2208.9		260.399 136.773 2192.74		190.063 136.399 2129.91		208.781 61.3844 2160.94		0		
301.597 192.705 2143.32		301.943 138.33 2211.22		260.407 136.356 2194.72		189.919 136.397 2129.52		208.922 61.2465 2159.36		0		
301.667 193.837 2141.79		302.016 138.875 2205.51		260.371 136.964 2189.03		189.131 136.33 2131.27		208.562 61.2786 2158.48		0		
301.713 194.568 2140.57		301.978 139.317 2202.37		260.27 137.499 2185.9		189.153 136.341 2129.44		208.34 61.3327 2158.48		0		
301.853 194.016 2140.53		301.981 138.976 2203.96		260.301 137.279 2187.87		188.888 137.54 2129.37		207.395 62.2239 2155.74		0		
302.081 194.188 2139.9		302.04 138.921 2201.64		260.313 137.368 2185.56		188.956 138.404 2128.29		206.648 62.7414 2153.81		0		
302.046 193.4 2140.82		301.89 138.381 2204.22		260.21 136.942 2188.57		188.491 139.033 2129.6		205.105 63.045 2150.14		0		
301.963 193.711 2139.59		301.729 138.494 2201.69		259.998 137.143 2186.15		188.533 141.896 2129.84		204.187 66.0052 2148.19		0		
301.916 193.961 2138.74		301.562 138.659 2200.37		259.804 137.45 2185.2		189.405 144.19 2126.19		203.667 67.9029 2148.08		0		
301.873 194.149 2138.35		301.466 138.765 2199.42		259.689 137.636 2184.53		188.928 145.402 2123.7		202.423 68.6607 2143.86		0		
302.012 194.278 2138.51		301.537 138.848 2199.2		259.757 137.829 2184.78		190.83 147.78 2121.39		199.902 69.9336 2138.44		0		
302.075 194.357 2138.28		301.572 138.919 2198.96		259.79 137.994 2185.15		192.138 151.747 2119.09		197.298 73.1879 2134.67		0		
302.55 194.174 2138.52		301.987 138.758 2199.28		260.214 137.894 2185.71		193.263 155.867 2116.76		196.179 76.6539 2130.39		0		
303.126 193.966 2138.2		302.538 138.548 2198.97		260.763 137.713 2185.6		195.496 160.067 2115.29		194.261 80.4102 2123.29		0		
303.708 193.826 2138.29		303.215 138.477 2199.6		261.462 137.666 2187.14		198.002 165.286 2115.41		191.363 85.6129 2117.57		0		
304.046 193.763 2138.12		303.633 138.391 2199.27		261.876 137.522 2186.86		200.913 169.676 2116.34		189.586 90.0992 2109.61		0		
304.833 193.657 2138.39		304.442 138.273 2199.36		262.693 137.398 2187.17		203.726 173.987 2115.68		188.509 94.742 2101.85		0		
305.385 194.228 2138.26		304.999 138.495 2196.4		263.192 137.49 2182.94		206.267 177.296 2115.31		188.684 98.1477 2092.78		0		
305.736 194.041 2138.46		305.467 138.429 2197.58		263.686 137.282 2183.83		207.86 179.528 2116.45		188.57 100.115 2080.79		0		
306.125 193.891 2140.06		305.901 138.34 2199.33		264.156 137.151 2185.6		209.474 181.607 2115.23		188.634 101.846 2069.94		0		
306.221 194.264 2139.89		306.293 138.765 2199.75		264.563 137.305 2185.62		210.803 182.811 2115.61		188.616 102.935 2061.88		0		
306.284 194.433 2139.52		306.475 138.905 2199.26		264.738 137.341 2184.99		211.693 184.157 2117.21		187.965 104.66 2056.73		0		
306.372 194.281 2139.97		306.523 138.755 2199.6		264.792 137.142 2184.67		211.907 184.641 2117.56		187.874 105.476 2052.55		0		
306.207 194.626 2139.83		306.422 138.764 2196.64		264.638 137.011 2180.52		212.035 184.947 2117.19		187.531 106.078 2049.41		0		
306.043 194.364 2140.12		306.255 138.628 2197.92		264.494 136.837 2181.59		211.522 184.214 2113.97		186.982 105.137 2046.24		0		
305.959 194.118 2140.61		306.162 138.456 2198.9		264.42 136.606 2182.07		211.239 183.477 2113.37		186.725 104.429 2041.49		0		
305.841 193.64 2141.63		305.909 138.026 2200		264.187 136.222 2182.75		211.185 183.263 2112.76		186.397 104.312 2038.23		0		
305.679 193.359 2142.13		305.748 137.755 2200.42		264.033 135.922 2182.9		210.963 182.863 2110.33		187.23 103.564 2035.38		0		
305.499 192.887 2142.1		305.576 137.296 2200.4		263.859 135.477 2183.06		210.771 182.615 2109.73		187.727 103.079 2031.97		0		
305.419 193.067 2141.82		305.479 137.17 2197.54		263.702 135.472 2180.77		210.761 182.445 2109.42		187.978 102.823 2028.75		0		
305.381 192.791 2141.55		305.291 137.058 2198.69		263.532 135.469 2182.1		210.677 182.333 2108.5		188.09 102.698 2025.13		0		
305.384 193.169 2140.85		305.279 137.182 2196		263.468 135.651 2179.55		210.653 182.334 2107.87		188.148 102.629 2024.07		0		
305.403 192.656 2141.2		305.19 136.869 2197.91		263.413 135.436 2181.84		210.503 182.279 2106.66		188.178 102.594 2021.7		0		
305.576 193.018 2140.89		305.351 137.017 2195.87		263.534 135.655 2180.15		210.609 182.574 2107.62		187.165 103.309 2019.9		0		
305.623 193.153 2140.28		305.338 137.04 2194.44		263.493 135.765 2179.01		210.743 182.606 2108.51		187.431 103.308 2019.72		0		
305.519 193.122 2140.06		305.135 136.995 2194.14		263.282 135.806 2178.8		210.654 182.693 2108.31		187.615 103.247 2019.19		0		
305.402 193.52 2137.96		305.217 137.366 2192.39		263.333 136.139 2178		210.626 182.695 2109.17		187.727 103.197 2017.39		0		
305.352 193.181 2137.96		305.148 136.982 2191.91		263.256 135.608 2176.06		210.096 182.144 2109.16		186.47 102.6 2015.81		0		
305.656 193.253 2137.17		305.333 137.081 2191.55		263.433 135.818 2176.02		210.083 182.284 2108.45		186.645 102.681 2016.88		0		
305.837 192.963 2136.96		305.444 136.804 2191.43		263.541 135.603 2176.06		210.095 182.304 2108.67		186.758 102.821 2016.59		0		
305.934 193.058 2135.95		305.542 136.949 2191.12		263.634 135.828 2176.54		210.227 182.355 2108.09		186.806 102.916 2014.76		0		
305.965 193.092 2136.02		305.605 136.951 2190.9		263.694 135.876 2176.9		210.331 182.645 2109.01		185.808 103.507 2013.63		0		
306.192 192.982 2136.4		305.649 136.882 2191.51		263.749 135.803 2176.39		210.568 182.861 2109.33		185.264 103.925 2012.83		0		
306.096 193.092 2135.55		305.7 136.964 2190.64		263.784 135.833 2175.98		210.784 182.933 2107.77		184.978 104.143 2011.09		0		
306.036 192.247 2136.37		305.712 136.457 2194		263.862 135.267 2179.57		211.057 182.946 2108.17		184.122 104.59 2012.32		0		
305.86 191.464 2137.1		305.571 135.849 2195.91		263.756 134.628 2181.55		211.297 183.021 2109.56		183.654 104.885 2011.16		0		
305.801 191.009 2136.95		305.457 135.551 2196.99		263.662 134.375 2182.82		211.676 183.079 2108.46		183.374 105.162 2010.32		0		
305.924 191.131 2136.89		305.529 135.729 2197.44		263.745 134.697 2184.2		211.5 182.582 2106.47		182.673 104.608 2010.25		0		
306.081 191.667 2136.5		305.618 135.949 2194.57		263.783 135.076 2182.05		211.03 181.969 2105.57		181.549 104.105 2007.86		0		
306.075 191.517 2136.59		305.521 135.954 2195.91		263.708 135.095 2183.06		210.548 181.956 2104.41		181.718 103.732 2007.61		0		
306.07 191.39 2136.41		305.471 135.914 2196.47		263.668 135.06 2183.44		210.334 181.813 2103.4		181.857 103.543 2005.96		0		
306.029 191.606 2136.36		305.496 135.819 2193.84		263.643 134.957 2180.92		210.091 181.866 2102.36		181.153 103.551 2006.98		0		
305.798 191.836 2135.93		305.368 135.891 2192.23		263.484 134.969 2179.28		209.92 181.723 2103.43		180.769 103.477 2008.24		0		
305.597 192.102 2135.63		305.252 136.073 2191.34		263.348 135.043 2177.9		209.765 181.714 2103.26		180.572 103.433 2009.32		0		
305.526 192.415 2134.86		305.266 136.377 2190.76		263.351 135.236 2176.88		209.728 181.846 2101.78		180.463 103.464 2008.97		0		
305.455 192.536 2134.39		305.122 136.529 2190.68		263.204 135.362 2176.17		209.59 181.828 2102.33		180.412 103.493 2009.96		0		
305.488 193.038 2133.53		305.065 137.063 2190.39		263.141 136.018 2176.39		209.479 181.821 2102.01		180.392 103.506 2007.98		0		
305.55 193.491 2132.7		305.108 137.484 2189.56		263.167 136.416 2175.25		209.348 181.814 2100.82		180.372 103.505 2008.19		0		
305.699 193.861 2131.87		305.135 137.863 2189.07		263.184 136.874 2174.71		209.255 181.842 2101.96		180.379 103.506 2007.69		0		
305.746 193.546 2132.79		305.181 137.491 2189.22		263.233 136.447 2174.32		209.118 181.792 2103.48		180.38 103.489 2007.56		0		
305.788 193.462 2132.88		305.104 137.473 2189.82		263.166 136.497 2174.82		208.696 181.117 2101.72		179.443 102.862 2006.48		0		
305.756 193.35 2132.96		305.054 137.314 2189.45		263.108 136.374 2174.61		208.361 180.727 2099.28		178.885 102.408 2009.19		0		
305.845 193.299 2133.54		304.987 137.28 2190.02		263.051 136.423 2174.91		207.263 178.979 2096.13		177.329 100.232 2009.11		0		
305.669 193.609 2132.28		305.043 137.589 2189.13		263.092 136.618 2174.5		206.433 177.625 2091.5		176.202 98.5178 2011.08		0		
305.209 193.936 2132.75		304.702 137.957 2189.94		262.766 136.997 2176.07		205.165 176.025 2084.03		173.38 96.9553 2011.75		0		
305.015 194.064 2132.75		304.598 138.026 2189.48		262.654 137.028 2175.78		204.364 174.87 2075.82		171.616 96.0395 2014.49		0		
305.087 194.046 2133.38		304.725 137.965 2189.59		262.782 136.86 2175.27		202.987 172.91 2060.73		168.964 94.2525 2012.72		0		
305.19 193.997 2134.4		304.7 137.938 2190.55		262.775 136.815 2175.28		202.467 169.069 2040.88		164.485 91.865 2003.92		0		
305.726 193.046 2136.66		304.905 137.303 2194.75		263.063 136.227 2178.19		203.231 165.701 2021.25		161.491 89.846 1992.69		0		
306.272 193.002 2138.1		305.208 137.387 2196.91		263.409 136.412 2179.87		205.973 163.554 2002.3		160.512 88.3737 1969.72		0		
306.493 193.061 2138.98		305.312 137.534 2198.35		263.543 136.559 2180.69		208.783 161.271 1980.73		160.612 85.5027 1928.41		0		
306.597 193.088 2141.09		305.306 137.452 2199.06		263.553 136.505 2180.75		213.591 160.201 1962.32		167.827 81.9067 1882.15		0		
306.708 192.995 2142.8		305.41 137.41 2200.83		263.704 136.268 2180.85		219.67 162.039 1951.63		182.128 80.2755 1841.44		0		
306.68 193.459 2143.85		305.452 137.553 2198.92		263.707 136.449 2179.21		225.742 165.266 1948.14		205.03 82.5921 1809.57		0		
306.677 193.548 2143.26		305.188 137.844 2200.18		263.482 136.69 2178.75		231.643 164.475 1937.57		235.947 84.9395 1787.83		0		
306.739 194.35 2143.89		305.345 138.395 2198.67		263.601 137.333 2178.21		235.942 165.438 1937.15		259.517 93.5448 1774.81		0		
306.626 194.732 2143.61		305.24 138.648 2197.41		263.468 137.626 2177.12		243.054 162.314 1926.82		287.989 100.688 1777.43		0		
306.355 195.415 2142.87		305.118 139.258 2196.38		263.332 138.059 2175.34		250.509 159.867 1922.16		310.403 108.519 1792.07		0		
306.445 195.576 2142.42		304.96 139.421 2196.03		263.196 138.137 2172.66		258.268 157.631 1920.31		329.305 115.511 1822.76		0		
306.798 195.584 2141.53		305.065 139.378 2194.8		263.323 137.978 2168.81		260.137 157.702 1924.97		337.335 122.914 1854.79		0		
307.189 195.586 2140.89		305.136 139.351 2193.95		263.436 137.869 2165.2		266.428 155.463 1926.24		346.951 126.2 1887.42		0		
307.72 195.21 2140.39		305.417 138.998 2193.6		263.799 137.316 2161.71		272.253 153.689 1929		353.985 128.113 1922.21		0		
307.983 195.239 2139.03		305.502 139.089 2193.05		263.965 137.169 2158.31		278.716 151.392 1930.87		360.847 132.276 1959.47		0		
308.18 195.536 2138.48		305.658 139.101 2190.05		264.072 137.253 2154.9		284.527 148.636 1936.56		365.378 134.219 1995.91		0		
308.417 194.648 2137.85		305.804 138.363 2190.71		264.396 136.054 2151.67		288.04 147.15 1941.24		367.045 135.589 2023.77		0		
308.202 195.511 2136.59		305.691 139.002 2187.93		264.236 136.657 2148.48		290.936 146.252 1943.86		368.029 135.333 2042.07		0		
308.302 195.228 2135.51		305.775 138.896 2188.65		264.328 136.489 2149.28		294.543 145.594 1947.66		368.813 135.674 2062.7		0		
308.483 195.064 2134.68		306.003 138.832 2188.92		264.596 136.255 2148.84		289.628 146.056 1943.41		364.72 135.061 2057.47		0		
308.203 194.926 2134.32		305.854 138.69 2188.64		264.471 135.937 2147.87		288.581 145.981 1939.55		366.704 131.779 2026.65		0		
308.169 195.233 2133.69		305.887 139.086 2189.05		264.496 136.291 2148.65		288.359 145.82 1936.05		368.423 130.254 2010.03		0		
308.754 195.257 2133.25		306.225 139.132 2188.8		264.758 136.706 2150.17		281.169 148.042 1930.81		362.368 125.939 1971.58		0		
309.267 195.274 2135		306.717 139.14 2190.07		265.153 137.168 2155.05		275.125 149.436 1925.5		357.329 123.778 1940.91		0		
309.869 194.968 2135.24		307.132 138.869 2190.42		265.485 137.364 2158.35		266.687 151.768 1920.11		348.702 120.566 1905.83		0		
309.645 194.432 2135.72		307.49 138.365 2191.18		265.788 136.747 2161.83		257.358 154.008 1914.23		336.257 117.134 1852.02		0		
309.64 194.328 2135.23		307.833 138.227 2190.61		266.059 136.699 2164.17		245.495 156.398 1915.53		315.346 112.039 1806.17		0		
309.537 194.789 2134.31		307.97 138.712 2190.29		266.136 137.384 2167.11		233.938 161.102 1927.43		293.971 110.572 1788.94		0		
309.542 195.104 2133.68		308.169 139.02 2189.86		266.3 137.767 2168.57		225.984 167.653 1956.6		266.622 109.845 1784.55		0		
309.529 194.827 2134.16		308.427 138.666 2189.55		266.534 137.45 2170.19		220.125 170.477 1976.67		230.956 106.535 1778.74		0		
309.511 194.349 2134.2		308.506 138.161 2189.26		266.595 137.047 2171.37		213.863 170.998 1981.13		199.51 102.413 1786.21		0		
309.59 193.876 2133.87		308.599 137.723 2189.23		266.68 136.734 2172.58		209.689 170.747 1987.15		174.056 102.121 1816.11		0		
309.66 193.543 2132.8		308.682 137.441 2188.77		266.752 136.558 2173.24		204.954 169.196 1992.27		154.523 102.474 1855.08		0		
309.64 193.095 2132.01		308.656 137.029 2188.36		266.716 136.276 2173.98		200.977 169.156 2004.23		142.071 106.002 1901.16		0		
309.647 193.025 2130.85		308.553 137.082 2188.47		266.617 136.554 2175.44		198.02 168.289 2015.51		135.679 108.253 1947.08		0		
309.479 193.485 2130.03		308.332 137.18 2184.74		266.333 136.93 2173.54		195.737 167.145 2026.5		132.686 109.312 1986.17		0		
309.319 194.491 2128.76		308.178 137.696 2179.5		266.082 137.584 2169.25		195.555 167.874 2039.64		133.038 111.445 2019.71		0		
309.185 195.231 2127.57		308.066 138.213 2176.74		265.923 138.197 2167.35		195.371 167.964 2048.12		133.076 112.705 2042.46		0		
309.084 195.635 2127.21		307.909 138.496 2175.42		265.749 138.616 2166.84		194.463 168.58 2052.87		132.853 113.427 2056.35		0		
308.758 195.353 2127.01		307.553 138.44 2177.32		265.439 138.674 2169.62		194.3 168.866 2056.65		132.546 113.754 2063.89		0		
308.408 194.637 2127.05		307.298 138.167 2181.18		265.263 138.376 2173.96		193.595 168.81 2057.1		131.322 114.13 2067.35		0		
308.321 195.196 2126.73		307.259 138.348 2177.64		265.165 138.609 2171.12		193.106 168.699 2054.86		130.316 114.324 2067.52		0		
308.114 194.308 2127.4		306.979 137.867 2181.62		264.956 138.14 2174.81		194.594 168.991 2053.55		131.536 114.795 2069.47		0		
308.019 194.493 2127.79		307.06 137.932 2180.97		265.032 138.136 2174.65		195.682 169.109 2050.25		130.75 114.799 2059.76		0		
308.021 194.534 2128.14		307.093 137.91 2180.72		265.063 138.122 2174.65		196.791 169.657 2041.28		130.232 114.93 2044.6		0		
308.008 194.773 2128.45		307.139 138.137 2180.94		265.104 138.249 2174.32		197.284 169.9 2034.09		129.677 114.664 2032.27		0		
308.029 194.373 2128.67		307.139 138.028 2183.59		265.136 137.958 2175.36		198.316 170.673 2025.22		129.301 114.522 2012.16		0		
308.063 194.739 2129.18		307.231 138.219 2182.51		265.201 138.061 2173.77		200.016 169.449 2013.49		128.889 113.316 1989.26		0		
308.319 194.908 2130.29		307.331 138.291 2182.51		265.288 138.079 2172.19		203.052 170.061 2001.75		131.137 111.839 1963.08		0		
308.655 195.007 2130.4		307.411 138.37 2182.39		265.359 138.226 2171.04		206.368 170.93 1988.74		134.843 110.037 1934.83		0		
308.686 194.652 2131.17		307.332 138.287 2185.31		265.33 137.923 2171.55		209.636 170.248 1974.34		138.979 106.267 1895.71		0		
308.752 194.691 2132.56		307.364 138.116 2184.46		265.342 137.792 2170.59		215.615 170.855 1964.28		148.285 103.801 1853.37		0		
308.602 194.441 2134.06		306.974 138.047 2187.15		265.002 137.837 2172.83		222.223 173.163 1961.04		164.355 102.556 1816.61		0		
308.274 194.446 2134.36		306.632 138.169 2188.44		264.682 138.003 2174.44		230.219 175.025 1961.02		185.47 102.767 1786.23		0		
307.824 194.357 2135.03		306.231 138.129 2189.4		264.296 137.962 2175.66		235.09 173.326 1948.24		210.177 100.831 1749.44		0		
307.486 194.009 2136.46		305.905 137.776 2190.37		263.985 137.519 2175.82		240.855 169.351 1930.18		241.032 98.5071 1729.31		0		
307.372 194.071 2136.14		305.781 137.816 2189.94		263.853 137.393 2173.84		248.188 165.359 1917.18		275.021 100.155 1732.67		0		
307.122 194.518 2136.19		305.511 138.04 2188.04		263.543 137.634 2171.65		255.923 163.439 1913.98		304.136 105.698 1758.2		0		
306.953 194.115 2135.94		305.136 137.755 2188.77		263.192 137.203 2169.9		263.837 161.764 1914.7		327.658 112.762 1798.9		0		
306.833 193.74 2135.04		304.76 137.546 2189.38		262.847 136.868 2168.05		272.501 159.829 1916.46		346.778 122.072 1853.92		0		
306.694 194.036 2134.16		304.533 137.571 2186.29		262.557 136.973 2164.66		280.64 158.144 1920.74		360.012 131.644 1911.81		0		
306.606 194.535 2132.36		304.371 137.927 2183.71		262.351 137.303 2161.17		286.749 157.38 1926.86		366.748 139.306 1965.05		0		
306.653 194.668 2130.97		304.298 137.965 2181.76		262.269 137.215 2157.21		290.041 156.631 1935.95		368.888 143.239 2006.69		0		
306.586 194.475 2129.21		304.13 137.774 2180.37		262.156 136.63 2151.79		292.98 156.389 1944.26		370.015 147.699 2040.42		0		
306.359 194.801 2127.55		303.681 137.817 2176.41		261.689 136.608 2145.12		295.398 156.162 1949.48		370.897 150.057 2063.59		0		
306.315 194.91 2125.02		303.647 137.741 2172.8		261.668 136.242 2138.64		296.95 155.767 1952.3		371.329 148.455 2076.03		0		
306.419 194.937 2124		303.763 137.941 2173.67		261.964 135.878 2135.32		296.99 156.008 1952.2		371.735 147.329 2074.73		0		
306.742 194.316 2124.14		304.052 137.787 2177.8		262.426 135.308 2137.27		295.707 155.315 1950.69		371.587 145.484 2066.82		0		
306.872 194.536 2124.68		304.175 137.926 2177.59		262.533 135.505 2137.14		294.959 154.771 1947.12		372.01 142.438 2056.24		0		
307.221 193.86 2127		304.583 137.503 2181.52		263 135.027 2141.6		292.122 154.6 1937.54		370.799 137.676 2029.7		0		
307.421 193.812 2127.79		304.777 137.305 2180.79		263.08 135.193 2143.45		286.691 155.694 1929.83		367.873 134.571 1991.87		0		
307.796 193.426 2130.45		305.182 137.099 2184.39		263.449 135.323 2150.37		279.774 156.308 1922.17		361.572 128.203 1949.65		0		
308.005 193.252 2131.25		305.415 137.062 2186.19		263.606 135.744 2156.47		270.547 157.8 1915.89		351.584 123.121 1905.61		0		
308.086 192.83 2131.78		305.686 136.737 2187.45		263.847 135.513 2159.92		259.802 160.775 1912.17		335.061 116.406 1856.51		0		
307.823 192.872 2131.36		306.024 136.827 2187.75		264.158 135.348 2161.87		249.334 164.084 1914.19		313.144 110.352 1811.48		0		
307.726 193.409 2129.63		306.301 137.46 2187.44		264.396 135.947 2163.79		240.173 168.143 1925.68		285.99 106.933 1775.34		0		
307.69 193.534 2130		306.538 137.529 2187.36		264.62 135.922 2164.51		232.14 172.527 1942.23		256.232 105.411 1760.57		0		
307.809 193.533 2130.16		306.888 137.522 2187.49		264.97 135.792 2165.04		226.738 176.824 1961.75		224.92 107.267 1767.45		0		
308.068 193.615 2129.19		307.264 137.624 2186.96		265.321 135.997 2166.21		221.545 178.082 1973.66		199.219 107.438 1786.42		0		
308.308 193.486 2128.5		307.579 137.505 2186.48		265.618 135.961 2166.99		217.485 177.944 1982.3		177.024 108.938 1819.75		0		
308.312 193.552 2127.27		307.744 137.614 2185.92		265.765 136.093 2167.71		211.317 177.179 1990.11		158.778 110.57 1857.93		0		
308.256 193.494 2125.67		307.806 137.62 2185.21		265.807 136.214 2168.77		208.357 177.571 2002.37		147.905 114.945 1896.76		0		
308.205 193.175 2125.31		307.903 137.286 2184.74		265.893 135.871 2169.15		205.161 178.248 2015.58		140.093 119.595 1931.07		0		
308.282 192.825 2125.83		307.897 136.984 2185.46		265.903 135.897 2172.12		202.515 178.928 2031.46		134.349 124.028 1960.59		0		
308.18 192.968 2125.18		307.923 137.1 2184.78		265.931 136.24 2174.08		201.451 180.132 2045.24		130.843 128.336 1985.65		0		
308.141 193.435 2123.93		307.855 137.273 2181.39		265.804 136.609 2172.04		198.442 180.342 2053.35		127.162 130.453 2007.43		0		
307.883 192.731 2124.3		307.493 136.752 2183.06		265.485 136.32 2175.03		196.09 179.918 2060.81		125.145 131.989 2030.21		0		
307.864 192.29 2124.65		307.362 136.397 2183.96		265.391 136.23 2177.47		195.158 180.548 2068.5		124.573 134.303 2049.18		0		
307.902 192.123 2124.4		307.378 136.285 2184.18		265.437 136.327 2179.3		194.963 180.517 2074.99		125.398 135.509 2065.91		0		
307.769 192.759 2123.32		307.265 136.641 2181.12		265.271 136.726 2176.7		194.957 180.979 2078.93		125.348 136.93 2073.17		0		
307.685 193.173 2122.61		307.181 136.912 2179.44		265.164 137.068 2175.6		194.739 181.281 2081.92		125.612 137.585 2080.33		0		
307.51 193.372 2122.72		307.052 136.98 2178.45		265.044 137.258 2175.96		194.286 181.812 2084.28		125.376 137.93 2085.55		0		
307.381 193.391 2122.8		306.966 136.947 2178.07		264.973 137.311 2176.59		194.947 181.919 2084.57		125.719 137.958 2084.65		0		
307.271 193.466 2122.66		306.964 137.025 2178.02		264.985 137.39 2177.21		195.349 181.524 2084.07		126.195 137.753 2084.83		0		
307.231 193.38 2123.44		306.876 136.89 2178.17		264.898 137.283 2177.3		195.704 181.75 2081.37		125.845 138.073 2079.28		0		
306.995 192.995 2123.76		306.72 136.831 2181.13		264.784 137.113 2179.7		194.748 181.23 2075.01		124.256 136.738 2068.78		0		
306.661 193.532 2124.12		306.721 137.178 2179.91		264.761 137.219 2178.48		192.846 179.548 2068.62		123.236 134.329 2067.72		0		
306.467 193.897 2125.14		306.634 137.438 2179.87		264.668 137.374 2178.2		192.447 178.898 2062.09		122.359 132.757 2054.24		0		
306.584 194.177 2124.71		306.76 137.679 2179.27		264.76 137.488 2176.56		193.883 177.959 2053.66		121.721 131.914 2034.79		0		
306.683 194.462 2124.71		306.701 137.955 2179.26		264.678 137.746 2175.37		195.803 177.469 2044.72		123.267 130.011 2018.76		0		
306.963 194.531 2124.91		306.896 137.988 2179.11		264.841 137.642 2173.5		196.214 176.83 2033.21		123.766 127.183 2001.78		0		
307.426 193.943 2125.6		307.063 137.704 2182.12		265.033 137.204 2173.53		198.833 177.054 2022.51		126.086 125.195 1975.52		0		
307.864 193.64 2127.83		307.303 137.519 2184.8		265.306 136.927 2174.25		199.514 175.282 2007.29		126.231 121.03 1947.1		0		
307.898 193.533 2127.81		307.393 137.534 2185.82		265.41 136.832 2174.75		201.833 173.864 1991.42		127.917 118.323 1919.07		0		
308.05 193.846 2129.12		307.694 137.843 2186.9		265.728 136.9 2174.69		204.93 173.113 1977.41		131.622 115.095 1888.01		0		
308.281 193.755 2130.41		307.946 137.726 2187.67		265.992 136.618 2174.16		208.842 172.448 1963.76		137.139 112.646 1854.52		0		
308.231 193.156 2131.79		307.879 137.454 2191.36		266.003 136.024 2175.38		213.758 170.162 1947.7		144.741 107.873 1823.58		0		
308.223 193.506 2132.79		308.002 137.603 2190.53		266.108 136.107 2174.52		219.353 170.973 1937.16		158.094 105.096 1790.93		0		
308.238 193.643 2133.26		308.077 137.629 2189.99		266.173 136.068 2173.63		226.35 171.818 1928.97		173.685 103.853 1756.7		0		
308.216 193.659 2133.97		308.047 137.585 2190.04		266.146 135.971 2173.07		232.797 174.525 1930.7		193.174 106.053 1732.94		0		
308.196 193.012 2134.6		307.923 137.247 2193.01		266.105 135.324 2173.24		237.684 173.399 1927.45		214.754 105.696 1710.42		0		
308.299 193.4 2136.12		308.042 137.424 2192.46		266.219 135.442 2171.86		243.419 170.8 1915.35		237.031 102.977 1692.29		0		
308.827 192.789 2137.12		308.142 137.074 2195.3		266.431 134.914 2171.11		250.069 168.121 1905.5		260.605 101.21 1685.59		0		
309.254 192.891 2137.77		308.276 137.277 2196.66		266.62 135.088 2170.62		257.71 167.235 1900.65		283.987 102.935 1691.65		0		
309.58 193.022 2138.39		308.454 137.448 2197.51		266.85 135.158 2169.81		265.32 164.987 1894.48		306.313 104.287 1701.97		0		
310.115 194.489 2135.82		308.899 138.602 2193.13		267.346 135.937 2161.18		272.657 163.04 1893.91		325.034 105.016 1718.82		0		
310.475 193.862 2134.42		309.035 138.135 2193.21		267.696 134.908 2156.05		279.191 161.932 1896.23		341.458 107.956 1746.09		0		
310.432 194.04 2133.92		308.913 138.05 2190.56		267.621 134.665 2150.8		285.949 160.187 1899.63		356.003 110.224 1778.13		0		
310.359 194.445 2133.03		308.782 138.362 2189.16		267.525 134.859 2147.84		292.21 157.572 1904.89		368.758 114.193 1816.62		0		
310.371 194.532 2132.92		308.831 138.36 2188.33		267.661 134.626 2145.01		298.268 156.125 1911.5		378.108 117.194 1858.45		0		
310.313 194.546 2131.68		308.699 138.413 2187.69		267.631 134.443 2142.26		303.481 154.833 1918.67		385.349 122.188 1902.36		0		
310.591 193.938 2131.61		308.835 137.804 2187.47		267.929 133.6 2139.36		307.501 154.242 1926.48		389.125 127.167 1947.45		0		
310.733 193.837 2130.47		308.868 137.742 2186.86		268.041 133.399 2137.31		310.134 153.961 1934.75		390.179 134.083 1992.85		0		
310.736 193.864 2129.14		308.803 137.777 2185.89		268.031 133.319 2135.19		310.645 154.157 1943.64		387.877 139.514 2033.05		0		
310.905 193.756 2127.34		308.935 137.677 2184.52		268.173 133.146 2133.32		312.985 153.905 1953.03		386.442 144.376 2070.71		0		
310.982 193.506 2124.72		308.973 137.43 2182.43		268.297 132.669 2129.57		314.234 153.803 1958.8		383.624 145.768 2098.9		0		
311.659 193.696 2122.04		309.565 137.613 2180.3		268.986 132.659 2125.85		315.245 153.632 1962.68		382.213 146.454 2115.56		0		
311.937 193.559 2121.17		309.767 137.495 2179.72		269.362 132.286 2123.1		315.907 153.45 1967.49		381.185 146.49 2127.11		0		
311.874 192.779 2121.67		309.682 136.748 2180.21		269.234 131.607 2124.12		315.777 153.511 1968.52		379.603 143.614 2131.24		0		
311.827 192.408 2122.22		309.544 136.467 2181.28		269.084 131.392 2125.5		313.938 153.74 1965.7		378.877 142.151 2124.29		0		
311.956 192.92 2123.69		309.584 136.936 2182.15		269.297 131.736 2124.49		312.476 153.495 1962.98		379.529 140.717 2110.03		0		
311.922 193.121 2124.77		309.49 137.029 2182.1		269.133 132.041 2125.11		310.695 153.618 1957.53		380.258 139.889 2090.34		0		
311.961 192.934 2126.12		309.488 136.802 2182.75		268.979 132.138 2127.76		310.026 153.545 1952.92		381.644 136.971 2070.02		0		
311.814 193.133 2127.01		309.273 137.051 2183.89		268.715 132.528 2129.66		306.247 153.783 1943.11		381.258 134.108 2037.86		0		
311.919 193.817 2127.99		309.448 137.725 2184.75		268.734 133.483 2132.95		302.34 153.935 1933.59		380.182 128.901 1999.89		0		
311.84 193.877 2129.18		309.447 137.766 2185.55		268.496 133.977 2137.65		296.631 154.439 1923.95		376.295 123.671 1956.39		0		
311.852 194.365 2129.98		309.437 138.301 2186.68		268.267 135.042 2142.97		289.836 155.087 1914.3		369.704 118.619 1904.7		0		
312.08 194.673 2130.63		309.72 138.635 2187.51		268.375 135.804 2147.66		282.745 154.965 1902.09		360.744 112.917 1858.62		0		
312.059 194.989 2131.13		309.727 138.961 2188.07		268.246 136.513 2151.49		273.121 155.674 1895.05		347.058 107.93 1814.72		0		
311.921 194.457 2132.37		309.672 138.346 2188.22		268.128 136.046 2153.06		262.91 157.008 1889.82		331.086 104.385 1778.05		0		
311.716 194.555 2132.01		309.711 138.48 2188.35		268.085 136.278 2155.59		252.618 159.154 1890.55		310.501 100.656 1745.57		0		
311.147 194.395 2130.99		309.596 138.345 2187.86		267.874 136.163 2158.12		242.61 161.944 1898.05		286.488 98.6874 1723.15		0		
310.791 194.048 2131.07		309.483 138.006 2187.98		267.707 135.905 2160.4		233.255 163.957 1908.03		261.671 97.9183 1711.83		0		
310.607 193.999 2131		309.518 137.942 2187.83		267.682 136.018 2163.04		225.308 166.178 1919.19		236.417 99.9382 1705.53		0		
310.525 194.073 2130.48		309.634 138.04 2187.69		267.758 136.237 2165.18		219.191 167.917 1933.7		211.218 101.82 1711.1		0		
310.142 194.36 2129.91		309.407 138.007 2184.5		267.435 136.463 2164.72		215.1 171.383 1951.36		191.768 103.919 1736.24		0		
309.617 195.22 2128.68		309.306 138.685 2182.18		267.271 137.212 2165.42		211.028 173.948 1967.51		172.608 107.666 1765.17		0		
309.175 195.301 2127.08		309.111 138.745 2180.82		267.042 137.376 2166.5		207.49 175.102 1981		156.488 112.198 1794.4		0		
308.984 195.27 2126.34		308.962 138.677 2179.92		266.88 137.565 2168.1		204.255 176.957 1994.9		145.135 117.131 1826.9		0		
309.021 194.789 2125.77		308.982 138.212 2179.53		266.897 137.294 2169.35		202.217 177.829 2009.94		136.644 122.028 1862.8		0		
308.852 195.442 2124.68		309.009 138.539 2175.84		266.867 137.697 2167.47		200.99 178.775 2024.32		130.543 126.995 1894.45		0		
309.003 195.727 2123.78		309.017 138.7 2174.1		266.848 138.074 2166.71		199.083 179.644 2036.54		125.774 130.77 1923.24		0		
308.901 195.784 2122.95		308.901 138.675 2172.73		266.714 138.149 2166.12		197.635 180.861 2045.7		123.132 133.45 1949.24		0		
308.969 195.546 2121.4		308.774 138.522 2172.28		266.586 138.205 2166.33		195.805 181.116 2051.6		120.04 136.272 1968.36		0		
308.907 195.357 2120.43		308.607 138.324 2171.42		266.423 138.222 2166.74		193.748 181.49 2057.68		117.438 138.222 1984.38		0		
308.819 194.891 2120.48		308.507 137.844 2171.23		266.336 137.862 2167.57		191.238 180.877 2060.41		115.076 139.334 2006.75		0		
308.613 194.461 2120.84		308.168 137.517 2172.34		266.04 137.751 2169.73		189.886 180.47 2064.75		113.585 140.202 2020.58		0		
308.291 194.689 2120.32		307.806 137.734 2171.88		265.668 138.002 2169.28		192.431 182.412 2070.84		115.436 143.639 2026.54		0		
308.174 194.861 2119.88		307.704 137.863 2171.2		265.571 138.212 2169.43		193.208 182.801 2072.8		115.939 144.509 2028.32		0		
307.627 195.348 2119.58		307.318 138.36 2171.19		265.224 138.783 2171.05		193.358 182.947 2072.63		115.499 145.501 2026.17		0		
307.189 195.251 2119.83		306.98 138.278 2171.5		264.916 138.74 2172.31		193.177 182.908 2071.36		115.074 145.895 2025		0		
306.922 195.949 2118.84		306.851 138.622 2167.56		264.703 138.95 2168.15		193.954 183.246 2071.12		116.626 144.712 2023.42		0		
306.207 195.912 2119.54		306.394 138.66 2168.82		264.299 138.923 2170.43		192.565 182.345 2063.32		115.553 142.753 2018.94		0		
305.912 195.63 2120.77		306.257 138.446 2170.35		264.172 138.53 2171.29		192.125 182.186 2056.23		115.048 141.128 2005.34		0		
305.583 195.742 2122.18		306.184 138.576 2171.6		264.121 138.468 2172.44		192.896 180.752 2042.88		115.466 139.409 1992.13		0		
305.414 196.036 2122.27		306.143 138.88 2171.82		264.086 138.691 2172.74		195.274 178.988 2027.83		117.713 136.308 1970.28		0		
305.2 196.023 2123.67		306.069 138.844 2172.65		264.009 138.473 2172.79		198.2 178.031 2011.5		121.724 131.854 1939.89		0		
305.116 196.444 2126.05		305.987 139.225 2174.13		263.93 138.738 2173.19		202.011 176.555 1992.55		128.142 125.265 1899.92		0		
306.109 196.273 2126.48		306.445 139.326 2176.97		264.387 138.907 2173.23		208.138 175.502 1974.73		138.701 118.721 1862.92		0		
306.503 195.393 2127.57		306.444 138.851 2181.25		264.422 138.387 2174.67		214.034 175.738 1962.92		155.264 111.123 1821.57		0		
306.747 195.196 2128.87		306.641 138.592 2181.7		264.605 137.992 2173.52		221.857 175.818 1953.82		173.537 106.91 1784.33		0		
307.061 194.627 2130.21		306.827 138.265 2184.76		264.832 137.529 2174.72		228.114 176.337 1953.1		197.318 107.167 1756.72		0		
307.437 194.484 2132.35		307.031 138.194 2187.03		265.069 137.445 2175.79		234.222 173.418 1941.02		223.853 104.868 1732.06		0		
307.728 194.478 2133.62		307.166 138.275 2188.78		265.232 137.536 2176.7		242.318 169.737 1924.39		251.461 100.385 1719.88		0		
307.903 194.507 2134.01		307.266 138.312 2189.15		265.335 137.411 2175.19		251.048 166.981 1916.2		279.407 100.125 1726.65		0		
307.843 194.044 2135.21		307.197 137.834 2189.84		265.296 136.522 2172.16		259.947 164.747 1909.06		305.057 102.454 1742.57		0		
307.939 193.921 2134.23		307.361 137.76 2189.5		265.482 136.029 2168.77		267.897 162.831 1907.79		327.247 107.225 1770.18		0		
307.847 193.935 2133.38		307.349 137.754 2188.68		265.511 135.551 2164.38		276.003 161.898 1909.79		345.933 113.322 1809.08		0		
307.778 194.055 2132.86		307.333 137.832 2187.94		265.54 135.258 2160.72		283.319 160.185 1913.91		360.467 120.48 1852.95		0		
307.693 193.872 2132.44		307.246 137.658 2187.66		265.56 134.613 2156.44		290.436 159.358 1918.8		371.153 128.582 1900.5		0		
307.748 194 2131.13		307.296 137.805 2186.83		265.681 134.427 2152.93		297.075 159.42 1924.57		378.383 135.794 1947.32		0		
307.666 194.373 2129.88		307.129 137.969 2184.08		265.522 134.484 2148.2		300.491 159.715 1932.46		381.298 143.282 1986.68		0		
307.857 193.906 2129.65		307.296 137.602 2184.68		265.947 133.495 2143.82		303.526 160.062 1941		382.016 148.022 2023.39		0		
308.228 193.708 2128.26		307.613 137.502 2184.42		266.427 132.992 2140.45		304.468 160.275 1947.82		380.539 151.278 2050.36		0		
308.665 193.513 2125.7		308.017 137.424 2183.38		266.914 132.634 2137.7		305.124 160.508 1953.01		378.601 153.881 2073.08		0		
309.426 193.645 2124.46		308.678 137.552 2182.4		267.999 132.068 2130.78		306.873 160.569 1958.8		377.228 154.914 2097.13		0		
309.843 193.626 2123.09		308.949 137.6 2181.87		268.454 131.823 2127.6		308.72 160.612 1962.44		377.237 155.735 2111.72		0		
310.445 193.314 2122.55		309.44 137.319 2181.63		269.023 131.446 2126.28		308.13 160.647 1963.31		375.631 155.577 2118.46		0		
310.756 193.055 2122.41		309.725 137.03 2181.2		269.297 131.182 2125.84		307.2 160.776 1962.64		374.104 155.288 2120.98		0		
311.14 193.026 2123.21		309.976 136.979 2181.62		269.643 131.106 2125.17		306.902 160.753 1961.72		373.192 154.896 2123.37		0		
311.504 193.155 2122.88		310.245 137.142 2181.66		269.787 131.505 2126.76		307.092 160.801 1961.52		374.262 155.374 2119.09		0		
311.559 193.369 2122.73		310.12 137.408 2181.99		269.668 131.853 2126.94		307.322 160.218 1960.76		375.305 155.582 2113.48		0		
311.854 194.174 2123.66		310.343 138.161 2182.45		269.996 132.558 2126.25		306.984 160.349 1959.48		376.836 154.13 2102.27		0		
311.609 194.149 2126.3		310.112 138.058 2183.84		269.768 132.555 2127.75		306.222 160.486 1957.51		378.193 152.98 2087.4		0		
311.663 194.141 2128.56		310.152 137.966 2184.86		269.677 132.782 2130.6		304.956 160.689 1952.72		378.964 149.992 2067.76		0		
311.891 194.779 2129.64		310.373 138.593 2185.74		269.69 133.822 2134.59		300.905 160.687 1945.56		377.829 146.217 2039.71		0		
311.96 194.714 2130.94		310.472 138.516 2186.65		269.561 134.201 2139.23		294.569 161.074 1938.31		374.329 141.427 2001.21		0		
311.897 194.955 2131.76		310.431 138.753 2187.31		269.274 134.98 2144.4		287.238 161.306 1929.66		368.857 136.284 1958.46		0		
311.959 194.968 2132.58		310.599 138.804 2188.3		269.22 135.57 2150.58		280.191 160.675 1922.25		361.935 130.187 1913.43		0		
311.677 195.132 2133.99		310.524 138.929 2189.13		268.994 136.055 2155.47		271.617 160.915 1915.66		350.707 124.174 1867.31		0		
311.433 195.048 2134.49		310.492 138.826 2189.36		268.847 136.224 2159.23		262.95 160.679 1907.95		336.782 117.39 1821.79		0		
311.29 194.747 2135.09		310.561 138.51 2189.66		268.86 135.994 2161.51		252.397 162.804 1909.58		316.742 111.601 1784.84		0		
311.356 194.821 2135.23		310.729 138.613 2190.06		268.986 136.248 2163.89		244.166 162.281 1905.16		298.435 106.026 1750.51		0		
310.932 194.955 2134.31		310.593 138.764 2189.55		268.786 136.529 2166.35		234.416 163.829 1915.35		270.846 101.994 1728.91		0		
310.79 195.08 2133.89		310.474 138.928 2189.61		268.628 136.969 2168.99		226.309 166.974 1930.97		243.286 103.935 1719.59		0		
310.712 194.967 2133.52		310.476 138.785 2189.03		268.594 137.038 2170.73		221.534 170.836 1950.3		218.466 106.908 1728.88		0		
310.555 195.678 2132.29		310.352 139.25 2186.05		268.396 137.717 2169.53		216.621 172.828 1962.5		198.085 106.925 1742.75		0		
310.46 195.492 2131.33		310.217 139.204 2186.52		268.261 137.787 2170.94		213.202 173.727 1972.55		179.864 108.769 1759.45		0		
309.956 195.812 2130.39		310.034 139.324 2184.08		268.031 137.941 2170.62		209.213 175.36 1981.74		163.352 113.529 1776.3		0		
309.62 195.122 2130.47		309.773 138.834 2185.77		267.801 137.496 2173.31		205.721 175.685 1990.03		150.091 116.5 1795.61		0		
309.456 194.75 2130.28		309.653 138.605 2186.81		267.71 137.464 2176.39		203.048 177.128 2000.1		140.076 122.005 1820.29		0		
309.326 194.37 2130.13		309.589 138.275 2187.05		267.668 137.326 2178.74		200.622 177.251 2008.4		131.832 126.097 1843.37		0		
308.996 194.147 2130.72		309.449 138.056 2187.5		267.559 137.195 2181.09		198.552 178.792 2018.11		126.758 129.245 1866.16		0		
308.682 194.23 2129.61		309.084 137.966 2185.14		267.179 137.395 2180.89		197.722 179.738 2027.54		123.345 132.732 1885.16		0		
308.541 194.095 2129.1		308.797 137.99 2186.08		266.929 137.673 2183.08		197.059 180.801 2034.15		121.372 134.852 1902.78		0		
308.232 194.619 2129.04		308.605 138.228 2183.63		266.71 137.955 2181.74		196.199 181.074 2041.1		118.657 137.51 1917.77		0		
308.062 194.251 2129.83		308.369 138.008 2185.48		266.513 137.817 2183.83		195.233 182.015 2044.5		116.988 138.886 1927.67		0		
308.059 194.6 2128.77		308.386 138.172 2183.11		266.506 138.069 2182.4		196.204 183.178 2048.91		118.072 139.901 1939.88		0		
308.017 194.095 2129.42		308.165 137.855 2185.16		266.324 137.895 2184.5		197.483 184.214 2052.63		119.537 141.21 1948.06		0		
308.091 193.614 2130.13		308.107 137.481 2186.55		266.302 137.661 2186.26		196.482 183.863 2052.58		118.392 140.95 1955.04		0		
307.989 193.336 2130.47		307.899 137.351 2188.02		266.149 137.733 2188.73		197.052 184.329 2052.33		118.528 141.99 1953.21		0		
307.446 193.835 2130.22		307.55 137.895 2188.34		265.813 138.186 2189.38		197.523 184.545 2051.79		119.04 142.103 1949.11		0		
307.202 194.58 2130.2		307.533 138.268 2185.19		265.732 138.368 2186.13		197.812 184.675 2048.48		119.365 142.192 1947.46		0		
307.096 194.181 2130.88		307.175 137.995 2186.75		265.378 138.159 2186.59		196.534 183.994 2042.88		117.766 141.507 1938.77		0		
307.087 194.36 2130.98		307.264 138.231 2187.41		265.468 138.281 2186.85		197.352 184.478 2040.85		119.52 140.537 1936.22		0		
306.869 194.588 2130.83		307.094 138.555 2188.18		265.309 138.556 2187.44		199.321 184.609 2038.48		122.051 139.796 1929.4		0		
306.602 194.855 2130.27		306.937 138.862 2188.14		265.146 138.768 2187.22		199.304 183.852 2031.95		122.644 138.339 1914.53		0		
307.008 195.116 2130.54		307.011 139.123 2188.42		265.192 139.078 2185.88		199.699 181.994 2021.6		123.061 135.784 1899.19		0		
307.197 195.521 2130.71		307.202 139.202 2185.75		265.315 139.057 2182.39		201.519 182.164 2014.69		126.665 133.655 1884.31		0		
307.651 194.922 2131.97		307.325 138.685 2187.3		265.435 138.548 2181.98		204.198 181.575 2005.08		131.372 130.315 1863.65		0		
307.879 194.634 2133.01		307.466 138.481 2188.79		265.591 138.299 2182.58		205.765 180.201 1992.55		137.528 124.943 1839.11		0		
307.878 194.708 2133.42		307.377 138.659 2190.03		265.523 138.538 2183.8		210.287 180.518 1985.99		149.172 120.734 1818.94		0		
307.892 194.751 2134.48		307.19 138.695 2190.77		265.345 138.679 2184.17		215.956 181.051 1979.45		164.58 117.5 1796.15		0		
307.816 194.897 2135		307.211 138.802 2190.88		265.369 138.736 2184.44		222.189 182.839 1981.9		184.32 117.232 1779.63		0		
307.561 194.691 2135.87		306.866 138.62 2191.71		265.036 138.596 2185.02		226.922 182.163 1978.21		209.012 115.8 1764.22		0		
307.377 194.46 2136.99		306.651 138.336 2192.05		264.819 138.274 2184.78		232.873 180.197 1967.13		236.382 114.885 1756.42		0		
307.183 194.408 2137.12		306.51 138.287 2192.18		264.665 138.043 2183.61		239.372 179.284 1959.71		261.122 114.513 1766.24		0		
306.865 195.031 2137.79		306.111 138.631 2190.27		264.241 138.573 2182.69		246.517 177.423 1954.53		287.871 117.846 1785.85		0		
306.511 195.692 2136.98		305.803 139.116 2188.19		263.891 139.041 2180.63		255.214 175.3 1950.97		312.082 123.277 1811.92		0		
306.638 195.195 2136		305.872 138.891 2189.79		263.967 138.545 2179.61		261.492 175.012 1954.24		328.507 129.342 1847.07		0		
306.596 194.983 2134.33		305.706 138.842 2189.89		263.788 138.351 2177.77		268.027 175.107 1959.1		341.681 135.78 1890.76		0		
306.549 194.685 2132.49		305.601 138.655 2189.37		263.669 137.812 2174		273.757 174.588 1962.24		350.935 139.634 1932.55		0		
306.373 194.499 2130.75		305.381 138.531 2188.51		263.438 137.38 2170.34		278.801 174.467 1968.52		357.839 145.396 1969.95		0		
307.212 194.556 2127.9		305.644 138.666 2186.8		263.742 137.228 2163.12		284.232 173.678 1973.2		363.487 150.618 2008.22		0		
307.78 194.514 2125.34		305.974 138.694 2185.32		264.074 137.103 2159.25		287.67 174.152 1978.86		365.586 154.933 2043.11		0		
307.943 194.316 2123.71		305.958 138.568 2184.54		264.089 136.776 2156.05		289.85 174.463 1983.98		367.135 160.061 2065.06		0		
308.224 194.124 2123.28		306.283 138.406 2184.42		264.425 136.484 2155.26		290.433 174.93 1987.05		365.874 161.674 2085.3		0		
308.289 193.742 2123.75		306.511 138.02 2184.74		264.709 135.77 2153.9		281.295 175.336 1980.02		357.243 164.435 2085.83		0		
308.306 193.642 2124.32		306.562 137.895 2184.97		264.796 135.49 2153		275.36 176.084 1975.45		351.89 165.852 2083.02		0		
308.562 194.126 2124.13		306.753 138.377 2184.9		265.003 135.95 2152.39		272.309 176.285 1972.95		349.298 165.003 2078.21		0		
308.544 194.321 2124.52		306.756 138.515 2184.79		265.018 136.034 2151.8		270.837 176.436 1971.17		348.375 164.182 2072.06		0		
308.615 194.6 2125.38		306.74 138.714 2184.82		265.021 136.252 2151.21		277.012 176.059 1976.83		354.034 163.944 2075.63		0		
308.863 194.66 2124.99		307.027 138.819 2184.93		265.284 136.423 2152.25		284.39 175.394 1981.83		361.153 163.661 2079.72		0		
308.657 195.148 2123.46		307.001 139.292 2183.77		265.193 136.95 2152.61		287.489 174.965 1983.24		364.624 162.193 2074.59		0		
308.645 195.514 2123.94		306.965 139.647 2184.13		265.122 137.514 2154.45		286.862 174.948 1979.3		364.919 159.825 2060.72		0		
308.445 195.813 2125.72		306.75 139.875 2184.98		264.915 137.806 2155.42		284.333 175.509 1975.6		363.538 156.351 2035.43		0		
308.03 195.874 2129.29		306.702 139.906 2187.62		264.925 137.598 2157.91		280.826 175.521 1970.61		361.603 153.544 2004.23		0		
308.535 196.519 2133.64		307.254 140.396 2189.79		265.515 138.174 2160.5		276.257 175.136 1966.23		357.538 149.132 1969.12		0		
308.985 196.933 2136.32		307.731 140.768 2191.61		265.983 138.814 2164.58		269.815 174.96 1960.61		348.611 141.175 1926.87		0		
309.283 197.581 2138.13		308.012 141.349 2192.55		266.245 139.664 2167.53		263.644 175.663 1955.3		338.111 135.364 1882.63		0		
309.234 197.176 2140.1		308.27 140.883 2193.48		266.484 139.331 2171.42		255.143 177.206 1955.2		321.912 129.488 1851.52		0		
309.216 196.468 2141.36		308.409 140.172 2194.3		266.62 138.669 2173.64		246.649 177.984 1959.87		302.379 123.807 1817.69		0		
309.201 196.174 2141.26		308.565 139.907 2194.45		266.76 138.67 2177.32		239.218 178.531 1963.78		281.564 119.713 1789.67		0		
308.752 196.431 2139.86		308.294 140.163 2193.44		266.459 139.031 2178.39		231.709 178.787 1968.01		260.435 116.66 1772.09		0		
308.81 195.924 2138.53		308.277 139.993 2195.26		266.471 138.935 2180.77		226.006 180.54 1979.07		233.597 115.391 1771.74		0		
308.814 196.248 2137.95		308.422 140.186 2193.76		266.594 139.285 2181.48		222.392 182.531 1995.77		211.511 116.325 1786.42		0		
308.841 196.265 2137.65		308.543 140.106 2192.7		266.702 139.318 2181.96		219.092 182.383 2005.17		193.189 115.173 1801.97		0		
308.789 196.062 2137.49		308.686 139.881 2192.36		266.847 139.083 2182.77		215.464 182.653 2013.43		177.122 114.807 1827.4		0		
308.889 195.723 2136.97		308.875 139.528 2191.77		267.031 138.753 2182.98		212.337 182.1 2017.38		163.625 116.16 1850.06		0		
308.995 195.464 2136.31		309.07 139.301 2191.49		267.229 138.55 2183.53		208.805 180.749 2019.76		151.022 117.967 1872.03		0		
308.981 195.297 2136.28		309.164 139.119 2191.29		267.325 138.347 2183.84		207.014 181.131 2028.74		143.215 122.643 1892.94		0		
308.978 194.981 2136.28		309.184 138.825 2191.43		267.349 138.055 2184.15		206.808 183.221 2040.35		139.377 128.182 1919.27		0		
308.674 194.802 2136.13		309.099 138.637 2191.19		267.27 137.794 2184.63		205.302 183.659 2047.3		134.653 131.512 1937.75		0		
308.772 194.737 2135.99		309.178 138.562 2190.98		267.357 137.833 2185.32		205.662 185.056 2056.59		133.244 135.115 1954.03		0		
308.807 194.743 2135.27		309.2 138.609 2190.78		267.384 137.952 2185.69		205.946 185.671 2062.68		132.351 137.142 1966.83		0		
308.638 194.673 2134.62		308.952 138.65 2191.24		267.156 138.145 2186.95		205.998 186.332 2066.71		131.48 138.235 1975.02		0		
308.412 194.815 2134.78		308.784 138.727 2190.82		267 138.308 2187.63		204.577 186.175 2067.53		128.542 138.972 1976		0		
308.185 194.868 2135.54		308.547 138.744 2191.11		266.782 138.418 2188.64		203.567 186.045 2065.5		126.427 139.232 1976.75		0		
308.073 194.837 2135.91		308.464 138.64 2190.74		266.702 138.355 2188.81		204.655 186.946 2066.69		127.116 139.803 1979.52		0		
307.279 194.905 2135.24		307.992 138.75 2190.6		266.267 138.429 2190.28		206.198 187.759 2071.07		128.077 140.447 1979.49		0		
307.105 195.03 2134.75		307.93 138.877 2190.26		266.212 138.55 2190.57		207.345 188.476 2071.59		128.728 140.962 1978.5		0		
307.063 194.797 2135.07		307.742 138.695 2190.91		266.031 138.455 2191.03		208.14 188.966 2072.57		129.115 141.239 1975.98		0		
307.11 194.617 2135.63		307.57 138.515 2191.31		265.865 138.429 2191.41		207.518 188.442 2069.12		127.73 140.022 1970.84		0		
306.947 193.998 2136.2		307.336 138.198 2194.22		265.671 138.105 2193.71		208.658 189.178 2070.11		128.463 139.623 1967.31		0		
307.02 194.547 2135.41		307.537 138.573 2192.23		265.848 138.445 2192.27		210.013 190.073 2071.68		129.231 139.993 1965.7		0		
306.96 194.753 2135.48		307.488 138.685 2191.52		265.78 138.522 2191.34		211.683 190.334 2073.29		130.317 139.949 1965.57		0		
306.737 194.349 2135.82		307.336 138.572 2194.19		265.661 138.279 2193.25		211.11 190.061 2070.72		128.489 139.478 1957.65		0		
306.734 194.385 2137		307.453 138.379 2193.12		265.767 138.04 2192.58		211.807 190.564 2070.6		129.171 139.426 1956.28		0		
306.916 194.553 2136.25		307.515 138.475 2191.96		265.796 138.165 2190.94		212.611 190.484 2070.38		130.426 139.32 1954.11		0		
307.06 194.664 2136.33		307.583 138.537 2191.63		265.842 138.201 2189.93		213.29 190.565 2071.72		131.2 139.556 1948.67		0		
307.003 194.448 2135.78		307.55 138.688 2194.3		265.843 138.238 2191.75		213.902 190.481 2072.43		131.855 139.511 1950.32		0		
307.095 194.69 2136.45		307.725 138.719 2193.07		265.993 138.197 2190.41		215.6 190.775 2074.22		133.706 140.68 1951.23		0		
307.735 194.7 2136.62		308.066 138.628 2192.33		266.301 138.2 2188.68		215.703 190.693 2074.27		133.804 140.276 1951.12		0		
307.994 194.774 2136.28		308.096 138.72 2192.26		266.312 138.342 2187.64		215.473 190.586 2072.57		133.495 139.948 1947.51		0		
308.095 194.344 2136.82		308.047 138.573 2195.01		266.306 138.237 2189.87		215.226 190.81 2072.57		133.2 139.75 1946.59		0		
308.343 193.955 2137.57		308.159 138.352 2196.95		266.445 138.027 2191.12		215.09 190.646 2071.26		133.015 139.624 1945.37		0		
308.434 193.843 2137.77		308.315 138.35 2198.03		266.614 137.912 2191.69		215.008 190.601 2071.07		132.686 140.154 1940.9		0		
