354.498 274.547 2084.19		353.916 209.247 2126.28		307.916 210.181 2142.56		235.941 194.818 2233.16		266 118 2208		0		
355.243 268.625 2090		351.581 204.122 2137.28		305.976 207.314 2153.53		236.564 194.742 2239.4		264.999 117.839 2206		0		
355.455 265.332 2093.41		350.357 201.398 2145.16		304.998 205.677 2161.51		235.985 194.144 2243.4		264.118 117.319 2210.8		0		
355.477 263.496 2095.21		349.759 199.883 2149.62		304.538 204.663 2166.28		235.338 193.796 2247.06		262.302 116.508 2211.47		0		
355.508 262.586 2096.08		349.613 199.139 2152.01		304.46 204.092 2169.02		234.902 192.735 2249.84		259.28 114.815 2214.18		0		
354.975 262.044 2095.75		349.508 198.655 2152.81		304.379 203.402 2170.77		234.697 193.356 2253		255.888 114.93 2216.03		0		
354.74 261.211 2096.22		349.326 197.858 2153.4		304.243 202.652 2172.28		234.478 193.8 2255.53		250.731 114.341 2221.6		0		
354.542 260.701 2096.28		349.115 197.131 2150.61		304.005 201.962 2170.29		234.187 192.921 2258.33		247.213 112.803 2231.19		0		
354.551 260.423 2096.27		349.117 196.743 2149.17		303.997 201.599 2169.36		234.175 194.443 2260.9		243.826 114.212 2239.5		0		
354.479 260.195 2095.51		349.044 196.485 2148.28		303.913 201.358 2168.64		234.534 195.709 2263.66		241.063 115.398 2245.33		0		
354.422 260.002 2095.19		348.901 196.275 2147.75		303.776 201.226 2168.32		234.441 195.146 2263.02		238.765 114.669 2252.08		0		
354.204 259.88 2094.48		348.705 196.141 2147.13		303.583 201.108 2168.05		234.335 194.671 2263.08		237.644 113.998 2251.96		0		
354.188 260.122 2093.76		348.565 196.421 2147.11		303.46 201.495 2168.16		234.176 194.498 2262.75		237.042 113.692 2251.02		0		
354.19 260.288 2093.53		348.545 196.543 2146.46		303.433 201.634 2167.63		234.135 194.264 2262.78		238.131 113.361 2247.99		0		
354.195 260.332 2093.54		348.528 196.581 2146.39		303.418 201.689 2167.6		234.17 195.296 2261.87		236.993 114.527 2247.5		0		
354.017 259.62 2094.46		348.603 196.092 2149.67		303.577 201.115 2171.49		234.179 195.975 2262.07		236.471 115.133 2244.33		0		
354.075 260.062 2095.33		348.488 196.434 2149		303.459 201.551 2170.86		234.346 196.824 2261.49		237.213 115.94 2239.44		0		
353.747 259.877 2096.2		348.446 196.15 2148.48		303.394 201.06 2170.51		234.491 197.06 2260.27		238.457 116.166 2234.96		0		
353.772 259.867 2096.16		348.383 196.148 2148.52		303.334 201.117 2170.46		234.323 197.414 2260.89		239.318 116.479 2232.15		0		
353.791 259.907 2095.76		348.387 196.162 2147.95		303.327 201.137 2169.89		234.159 195.388 2257.29		240.457 114.28 2230.77		0		
353.72 259.839 2095.91		348.465 196.059 2147.7		303.394 200.933 2169.77		233.916 193.954 2255.81		241.16 112.631 2226.1		0		
353.724 259.762 2096.05		348.453 196.006 2148.06		303.394 200.901 2170.19		233.769 193.928 2253.76		240.734 112.596 2226.02		0		
353.83 259.141 2097.17		348.492 195.418 2148.92		303.481 200.399 2171.61		233.766 194.097 2254.38		240.478 112.782 2225.51		0		
353.956 258.812 2097.74		348.628 195.075 2149.01		303.625 200.056 2171.89		233.652 193.322 2254.5		241.149 111.989 2225.76		0		
353.795 259.663 2097.22		348.745 195.842 2148.11		303.709 200.624 2171.12		233.645 192.643 2253.53		241.533 111.334 2227.38		0		
353.83 259.388 2096.27		348.74 195.612 2147.99		303.698 200.428 2170.84		233.709 192.146 2253.86		241.79 110.895 2230.08		0		
353.701 259.262 2095.79		348.747 195.489 2147.79		303.698 200.226 2170.77		233.602 191.61 2254.6		241.12 110.148 2227.72		0		
355.169 252.976 2099.45		348.51 190.26 2158.64		303.689 196.065 2178.16		233.743 191.633 2254.98		241.565 110.233 2226.51		0		
354.006 251.332 2100.87		348.237 189.031 2164.47		303.487 194.343 2184.36		233.801 191.068 2253.61		240.958 109.846 2226.1		0		
352.381 255.678 2099.41		347.81 192.586 2156.87		302.969 197.193 2179.91		233.336 191.307 2254.57		242.309 110.17 2228.38		0		
351.436 258.942 2097.38		347.964 195.391 2151.92		303.115 199.404 2178.14		233.203 191.642 2254.12		243.429 110.664 2227.6		0		
351.288 260.753 2095.81		348.405 196.975 2149.16		303.552 200.673 2177.18		233.304 191.635 2251.83		246.195 110.909 2220.92		0		
351.307 261.149 2095.42		348.643 197.261 2147.89		303.735 200.78 2175.81		233.455 191.089 2250.95		247.085 110.332 2220.34		0		
351.629 260.942 2095.53		348.732 197.06 2147.95		303.807 200.707 2175.42		233.549 192.21 2249.94		247.473 111.52 2219.27		0		
352.162 260.558 2095.61		349.12 196.69 2148.06		304.166 200.392 2174.94		233.689 194.397 2251.96		248.097 113.859 2215.86		0		
352.615 260.211 2095.66		349.266 196.394 2148.48		304.312 200.285 2174.95		233.999 195.81 2253.99		248.375 115.383 2213.7		0		
352.851 259.978 2095.92		349.497 196.186 2148.9		304.551 200.086 2175.43		235.719 196.252 2254.62		250.468 115.946 2210.48		0		
354.068 254.067 2102.25		349.739 190.914 2158.21		305.037 195.587 2184.5		237.647 196.893 2255.21		251.619 116.247 2208.71		0		
354.332 256.216 2097.55		350.531 193.265 2158.23		305.955 197.89 2187.31		238.668 197.31 2257.02		252.112 116.377 2211.09		0		
353.822 258.09 2094.67		350.68 194.661 2151.76		306.032 198.866 2182.72		239.434 197.433 2260.05		252.585 116.671 2213.23		0		
353.991 258.547 2092.7		351.661 194.894 2148.31		306.994 198.629 2181.1		239.914 197.197 2263.27		254.518 116.95 2213.88		0		
354.42 259.728 2090.32		352.701 195.709 2142.84		307.862 198.906 2175.48		240.619 197.028 2267.44		255.571 117.048 2215.62		0		
354.299 260.487 2088.74		353.147 196.282 2139.88		308.223 199.049 2172.64		241.35 197.139 2269.67		255.851 117.242 2213.13		0		
354.186 260.66 2087.18		353.238 196.586 2140.64		308.332 199.284 2173.57		241.529 197.293 2271.1		255.608 117.324 2214.87		0		
354.527 260.182 2087.41		353.658 196.212 2141.96		308.736 198.835 2174.3		241.557 197.274 2271.15		254.82 117.078 2217.88		0		
354.969 260.692 2086.05		354.454 196.551 2139.15		309.35 198.737 2169.68		241.436 197.179 2269.55		254.079 116.876 2222.9		0		
355.292 260.841 2086.17		354.836 196.599 2138.03		309.653 198.645 2167.73		241.696 197.216 2267.64		253.925 116.785 2222.97		0		
356.349 261.602 2086.18		355.467 197.3 2137.53		310.26 199.585 2166.98		241.627 195.433 2266.41		253.357 114.545 2219.48		0		
357.094 261.805 2085.24		355.994 197.447 2136.31		310.713 199.799 2164.89		241.634 194.36 2264.09		252.893 113.149 2213.71		0		
357.718 262.16 2084.62		356.562 197.826 2136.35		311.241 200.161 2164.23		241.469 193.792 2262.11		249.859 112.153 2217.79		0		
358.542 261.631 2084.38		357.381 197.282 2135.85		311.971 199.502 2162.34		241.502 193.301 2258.16		249.768 111.558 2219.23		0		
359.015 261.243 2084.44		357.868 196.88 2135.6		312.385 198.98 2160.75		241.456 192.493 2254.91		248.936 110.559 2222.88		0		
359.092 261.207 2084.16		357.96 196.875 2135.81		312.436 198.898 2160.01		241.722 192.736 2252.36		249.309 110.468 2222.29		0		
359.578 261.259 2083.85		358.319 196.946 2135.87		312.754 198.978 2159.07		241.341 191.168 2248.69		248.644 108.506 2220.84		0		
359.937 260.736 2085.57		358.577 196.595 2138.91		313.089 198.74 2162.45		241.005 189.843 2241.97		249.136 106.915 2217.49		0		
359.857 260.324 2085.52		358.688 196.574 2143.29		313.313 198.7 2167.4		241.113 189.054 2235.13		251.453 106.135 2208.04		0		
360.954 261.061 2081.7		359.997 197.23 2140.15		314.568 199.25 2164.99		241.136 188.787 2231.6		253.764 105.654 2203.38		0		
362.038 259.744 2083.49		360.389 195.929 2141.07		314.893 198.216 2163.45		241.4 188.68 2228.67		256.846 105.427 2194.95		0		
364.452 261.102 2079.37		363.468 197.12 2136.88		317.709 198.524 2155.14		241.854 190.204 2224.45		260.7 106.887 2182.56		0		
367.25 259.442 2080.62		363.734 195.68 2138.76		317.941 198.291 2150.3		244.65 191.224 2221.18		266.148 108.015 2168.33		0		
367.177 259.502 2080.77		362.974 195.537 2136.37		317.079 198.427 2145.15		245.844 191.794 2219.86		270.855 109.387 2154.56		0		
366.952 261.754 2077.12		364.712 197.57 2132.69		318.683 199.108 2142.33		245.769 191.107 2215.71		276.497 110.358 2141.56		0		
366.039 263.929 2074.64		365.963 199.474 2128.33		319.828 199.511 2138.48		247.028 191.16 2212.71		281.771 111.729 2129.79		0		
365.574 265.507 2072.54		366.752 200.894 2125.37		320.547 200.037 2135.57		247.987 192.323 2212.39		286.336 115.019 2119.54		0		
365.543 266.484 2071.72		367.288 201.75 2123.57		321.034 200.455 2133.37		248.651 191.419 2209.04		292.109 117.519 2102.99		0		
365.186 266.853 2070.51		367.309 202.119 2122.87		321.052 200.622 2133.52		248.252 191.333 2208.14		296.531 121.895 2092.36		0		
364.684 266.736 2070.49		367.067 202.007 2122.8		320.836 200.45 2134.94		248.506 190.585 2205.63		300.693 124.859 2085.27		0		
364.25 267.151 2070.27		367.142 202.385 2121.97		320.902 200.451 2133.87		248.467 190.477 2204.89		303.244 128.586 2078.64		0		
367.828 262.406 2071.8		365.799 198.604 2131.96		319.782 199.619 2138.13		249.375 188.556 2198.06		307.867 132.32 2064.86		0		
368.691 260.503 2074.12		364.37 196.875 2134.88		318.414 199.304 2138.28		250.162 185.514 2190.32		312.356 135.28 2049.4		0		
366.808 260.25 2075.85		362.916 196.548 2136.11		316.955 198.882 2141.42		249.821 183.312 2186.12		315.637 138.287 2041.24		0		
364.47 259.218 2078.35		361.554 195.712 2140.3		315.67 197.568 2147.65		248.979 182.101 2182.39		318.269 142.675 2033.61		0		
362.774 258.848 2079.75		360.236 195.488 2143.02		314.433 197.3 2152.51		248.887 182.1 2179.55		319.797 144.799 2025.74		0		
361.668 257.236 2081.41		359.418 194.243 2147.64		313.778 196.174 2160.19		247.488 181.668 2180.46		320.432 146.784 2026.56		0		
359.926 257.978 2079		358.567 194.908 2145.51		312.921 196.42 2160.12		246.888 181.173 2180.7		320.661 146.266 2023.45		0		
358.975 257.873 2078.36		358.025 194.795 2145		312.384 196.112 2160.47		246.343 182.204 2182.34		319.964 144.124 2026.93		0		
358.251 258.219 2079.38		357.529 195.083 2145.26		311.934 196.38 2162.16		244.787 182.304 2185.84		317.063 141.616 2031.3		0		
357.684 258.457 2079.1		357.286 195.339 2145.31		311.749 196.585 2163.99		243.306 183.488 2192.39		311.903 137.26 2041.71		0		
356.352 258.502 2078.78		357.123 195.185 2142.67		311.568 195.706 2162.53		242.992 183.335 2192.46		308.637 132.925 2042.37		0		
358.677 259.924 2075.84		359.903 196.094 2135.31		314.18 196.229 2155.6		242.537 183.166 2193		304.249 127.417 2047		0		
360.154 260.922 2073.5		361.621 196.804 2130.77		315.761 196.657 2150.37		243.674 183.31 2195.72		300.696 122.95 2047.13		0		
360.718 261.818 2072.02		362.347 197.532 2128.12		316.366 197.069 2145.65		243.726 183.4 2197.14		296.294 117.871 2058.74		0		
363.163 260.095 2071.62		361.86 196.164 2131.3		315.859 197.25 2142.9		244.277 182.723 2198.35		293.194 114.261 2058.96		0		
364.172 258.56 2073.05		361.476 195.084 2136.73		315.56 196.98 2146.35		243.835 183.657 2203.1		288.552 112.359 2067.05		0		
364.327 256.889 2073.96		360.967 193.711 2140.01		315.134 196.135 2150.01		243.74 183.483 2205.63		284.415 109.468 2072.49		0		
362.573 257.689 2072.44		360.05 194.33 2137.67		314.19 196.38 2149.77		243.198 182.845 2208.61		279.735 106.373 2078.56		0		
361.639 259.584 2069.25		360.651 195.864 2132.31		314.713 197.048 2147.01		242.879 183.547 2213.93		273.486 104.317 2089.58		0		
361.088 260.746 2067.82		360.963 196.78 2129.05		314.973 197.457 2145.03		243.215 183.083 2215.48		268.836 101.487 2099.45		0		
361.114 257.817 2070.97		360.794 194.307 2135.24		315.009 195.394 2153.61		242.674 181.935 2215.5		263.564 98.3291 2106.53		0		
360.368 256.953 2073.39		359.842 193.703 2139.42		314.217 195.149 2159.61		239.935 181.469 2219.23		257.094 96.5442 2117.86		0		
359.282 257.539 2072.38		358.963 194.403 2140.07		313.4 195.858 2161.51		237.81 181.753 2220.83		250.337 95.5048 2129.02		0		
358.026 257.963 2072		358.244 194.611 2137.64		312.7 195.843 2160.85		236.149 180.106 2221.04		243.704 92.6572 2146.63		0		
357.146 258.044 2071.37		357.957 194.621 2136.36		312.447 195.583 2161.08		235.037 179.319 2221.77		237.772 91.0317 2157.01		0		
357.023 257.446 2072.28		357.683 194.006 2136.71		312.211 195.137 2162.07		234.612 180.646 2227.72		232.403 92.1556 2167.33		0		
356.539 257.988 2073.76		357.284 194.163 2133.63		311.772 195.213 2159.53		234.323 181.204 2231.52		225.564 93.1734 2181.72		0		
356.135 258.104 2073.97		356.916 194.39 2135.09		311.446 195.455 2161.14		233.84 181.551 2232.16		219.871 93.7577 2191.45		0		
355.936 258.117 2074.8		356.788 194.44 2136.08		311.355 195.493 2162.48		233.318 182.388 2233.55		216.376 94.7919 2201.64		0		
355.69 258.27 2074.59		356.745 194.624 2136.27		311.327 195.567 2162.93		233.249 182.182 2233.45		213.961 94.2669 2204.86		0		
355.853 257.915 2075.27		356.826 194.282 2136.81		311.38 195.202 2162.6		232.923 182.154 2232.74		212.748 93.7444 2206.58		0		
356.593 257.975 2074.13		357.347 194.293 2135.59		311.874 195.361 2161.48		233.379 183.153 2235.28		212.785 94.511 2210.21		0		
356.986 258.424 2073.23		357.859 194.62 2133.75		312.342 195.582 2159.7		233.71 183.189 2235.56		212.143 94.1081 2209.4		0		
356.908 258.175 2073.91		357.582 194.445 2135		312.079 195.524 2160.54		233.693 184.146 2234.99		212.574 94.8476 2209.61		0		
356.728 257.901 2074.54		357.345 194.204 2135.72		311.862 195.334 2161.29		234.429 185.006 2236.46		213.393 95.3813 2204.26		0		
356.49 258.348 2074.1		357.256 194.664 2135.66		311.789 195.729 2161.61		234.356 185.757 2238.21		213.828 95.9668 2200.94		0		
356.702 257.633 2076.44		357.157 193.921 2136.78		311.768 195.282 2163.78		234.875 186.105 2237.49		214.111 96.3381 2199.85		0		
356.322 257.805 2076.16		356.981 194.14 2137.12		311.641 195.455 2165.01		235.154 186.322 2238.5		214.19 96.5498 2197.44		0		
355.959 258.854 2075.79		356.677 194.888 2133.78		311.255 196.078 2161.38		234.973 186.287 2236.84		214.242 96.6859 2197.82		0		
355.827 259.348 2075.63		356.561 195.241 2132.24		311.114 196.402 2159.98		234.901 186.329 2237.14		214.45 96.9219 2198.68		0		
355.749 258.833 2076.91		356.519 194.896 2134.86		311.116 196.041 2162.37		234.276 186.465 2234.41		214.611 97.074 2196.89		0		
355.858 259.116 2076.25		356.446 195.051 2133.11		310.971 196.234 2159.83		234.153 186.566 2234.37		214.684 97.1904 2195.26		0		
356.428 259.894 2074.74		357.233 195.701 2130.82		311.683 196.67 2157.21		233.741 186.395 2232.02		214.865 97.0022 2193.41		0		
356.857 260.678 2072.61		357.97 196.352 2128.01		312.361 197.098 2154.64		233.706 185.915 2230.05		215.32 96.3945 2195.44		0		
357.653 258.798 2073.47		358.199 194.814 2132.04		312.602 195.865 2156.95		234.53 186.042 2231.35		216.015 96.3776 2197.27		0		
357.964 257.856 2074.48		358.228 194.056 2134.57		312.674 195.311 2159.21		234.361 185.407 2230.76		217.708 95.032 2193.46		0		
357.881 257.888 2075.73		357.973 194.141 2136.07		312.459 195.531 2160.8		234.462 186.251 2228.93		220.065 95.3811 2190.67		0		
357.719 257.841 2076.8		357.595 194.103 2136.92		312.083 195.599 2161.11		234.514 186.39 2228.22		223.27 94.9275 2183.47		0		
358.939 258.477 2075.4		358.81 194.618 2134.84		313.204 196.004 2158.19		234.641 186.736 2226.21		228.207 94.8154 2173.01		0		
359.578 259.869 2073.97		360.048 195.757 2131.28		314.3 196.554 2153.32		235.659 186.716 2225.2		232.432 94.6145 2164.81		0		
360.689 260.866 2070.81		361.628 196.678 2128.5		315.765 197.022 2149.49		237.282 186.972 2225.47		237.644 94.7074 2157.79		0		
361.025 261.896 2068.81		362.459 197.684 2127.03		316.463 197.365 2144.63		239.127 188.032 2224.55		243.579 95.8814 2152.6		0		
361.533 262.97 2067.08		363.562 198.627 2124.41		317.483 197.792 2141.22		240.957 188.201 2222.3		251.619 96.8846 2142.13		0		
361.765 263.847 2066.39		364.174 199.489 2123.85		318.042 198.213 2138.83		242.288 189.347 2222.16		258.95 99.4552 2131.34		0		
361.71 264.403 2065.58		364.407 200.02 2123.03		318.235 198.437 2136.88		243.283 189.471 2219.11		266.577 101.724 2119.62		0		
361.684 264.765 2064.89		364.588 200.297 2121.57		318.377 198.519 2134.88		244.096 189.904 2218.35		274.515 106.091 2110.19		0		
361.624 266.251 2065.22		365.711 201.622 2119.16		319.478 198.917 2131.53		244.91 188.765 2215.01		282.112 109.002 2101.76		0		
361.731 267.599 2063.93		367.026 202.882 2116.3		320.772 199.19 2127.23		246.033 188.477 2212.29		289.18 113.295 2092.48		0		
367.583 262.247 2065.18		366.261 198.591 2127.38		320.266 198.226 2125.15		246.727 188.751 2210.77		294.215 116.939 2092.78		0		
369.565 259.402 2071.61		365.329 196.098 2135.31		319.473 197.367 2128		246.684 188.418 2208.51		299.752 121.891 2091.6		0		
369.75 258.038 2075.2		364.33 194.894 2139.58		318.51 197.035 2132.18		246.904 186.567 2203.97		305.185 126.663 2083.48		0		
364.88 259.178 2073.72		364.089 195.763 2136.37		318.211 195.607 2139.11		247.189 185.42 2200.84		309.587 131.222 2079.75		0		
362.425 259.773 2074.97		363.816 196.116 2135.04		317.927 194.998 2143.78		247.5 184.072 2197.41		313.298 134.587 2075.41		0		
360.897 260.062 2075.97		363.431 196.271 2134.43		317.56 194.707 2146.93		248.377 183.823 2192.76		316.423 136.874 2069.76		0		
359.823 260.361 2076.18		363.108 196.576 2134.63		317.258 194.642 2148.75		248.191 182.799 2190.27		318.776 139.219 2066.37		0		
358.927 260.622 2075.81		362.79 196.858 2134.49		316.969 194.657 2150.05		248.133 182.178 2191.12		320.84 142.254 2062.49		0		
358.323 260.865 2076.61		362.442 197.07 2134.68		316.65 194.792 2151.31		247.683 182.143 2192.89		321.833 143.972 2063.24		0		
357.779 260.94 2078.03		362.091 197.127 2135.34		316.344 194.811 2153.03		246.635 182.498 2194.37		321.72 146.297 2064.07		0		
357.948 260.651 2079.54		361.739 196.82 2136.51		316.007 194.905 2154.55		246.543 182.779 2193.78		323.188 149.265 2066.63		0		
359.347 262.78 2077.32		364.27 198.771 2132.39		318.486 196.003 2150.51		246.097 183.917 2195.33		322.833 150.865 2067.54		0		
360.095 264.103 2076.01		365.577 199.937 2129.44		319.735 196.705 2147.11		246.861 183.794 2194.88		323.665 151.652 2068.2		0		
360.405 265.365 2074.01		366.372 200.971 2125.15		320.467 197.403 2143.21		247.677 183.424 2195.03		324.451 152.027 2068.22		0		
360.579 266.444 2074.53		366.853 201.953 2124.16		320.904 198.004 2140.31		248.19 183.527 2194.44		324.878 152.166 2069.74		0		
363.031 261.648 2079.28		366.9 197.536 2132.62		320.95 194.682 2141.6		249.175 183.932 2194.74		325.188 152.328 2066.94		0		
362.874 259.771 2082.27		366.831 196.036 2138.58		320.987 192.615 2142.02		248.99 183.253 2193.37		325.465 152.428 2068.43		0		
362.805 258.763 2083.96		366.821 195.181 2141.26		321.02 191.496 2142.17		249.417 183.807 2194.44		325.185 151.569 2067.54		0		
362.844 258.29 2084.59		366.869 194.791 2142.54		321.087 190.995 2142.34		248.742 184.161 2197.97		323.403 150.608 2068.9		0		
362.878 258.028 2084.9		366.857 194.53 2142.77		321.07 190.741 2142.2		248.943 183.953 2197.57		322.455 147.702 2068.53		0		
362.551 257.953 2083.64		366.671 194.454 2141.8		320.864 190.894 2144.88		249.313 183.553 2197.27		321.525 144.845 2064.96		0		
361.697 258.278 2082.22		366.4 194.812 2140.74		320.632 191.303 2148.92		248.382 183.975 2200.89		317.697 141.388 2068.31		0		
363.927 259.264 2080.56		364.4 195.64 2139.43		318.541 195.074 2146.83		248.209 183.731 2200.46		314.551 136.912 2069.74		0		
363.539 259.82 2080.3		362.781 195.896 2136.84		316.84 196.336 2145.42		247.457 183.647 2201.85		310.526 132.173 2074.55		0		
363.289 260.744 2077.09		362.286 196.775 2135		316.299 197.498 2144.82		246.736 183.601 2204.45		305.982 127.229 2080.49		0		
361.579 261.539 2075.84		362.048 197.533 2133.86		316.079 197.441 2146.18		246.51 182.681 2204.99		299.865 120.09 2082.7		0		
361.944 261.287 2076.94		360.903 197.113 2132.72		314.913 198.08 2144.81		245.865 183.346 2210.14		293.198 115.72 2089.77		0		
362.481 261.74 2074.21		361.367 197.589 2131.59		315.345 198.632 2144.08		244.705 182.058 2211.73		287.707 110.678 2092.22		0		
362.473 261.631 2074.29		361.451 197.575 2132.83		315.462 198.605 2145.91		244.216 182.081 2215.03		281.498 107.285 2097.58		0		
362.568 260.83 2076.29		361.088 196.696 2132.99		315.102 198.034 2145.81		243.887 181.791 2216.24		275.803 104.08 2101.01		0		
361.988 260.581 2076.89		360.726 196.592 2135.04		314.8 197.851 2148.61		242.807 180.681 2219.49		267.184 99.5443 2111.46		0		
360.892 259.83 2077.85		359.671 195.752 2134.42		313.779 197.129 2149.5		240.012 178.336 2223.27		255.252 93.8016 2127.27		0		
359.381 259.516 2077.89		358.707 195.625 2136.46		312.918 196.821 2153.48		237.205 176.832 2222.26		245.506 90.0661 2146.49		0		
358.336 259.291 2078.23		358.108 195.485 2137.55		312.408 196.562 2156.55		235.463 176.648 2226.45		234.543 89.2793 2170.95		0		
357.789 259.492 2076.9		358.044 195.658 2136.33		312.372 196.543 2156.96		233.73 176.008 2229.79		226.407 88.61 2190.62		0		
357.63 259.98 2075.08		358.19 196.078 2134.45		312.52 196.852 2156.32		232.386 174.917 2231.71		219.862 87.8239 2202.73		0		
357.281 259.505 2076.99		358.228 195.442 2133.56		312.524 195.893 2155.1		230.871 174.541 2232.01		215.284 87.5762 2212.93		0		
356.879 260.138 2077.32		358.065 195.979 2132.8		312.322 196.191 2153.67		230.199 174.839 2231.94		211.771 88.4948 2220.85		0		
356.483 260.635 2077.22		357.835 196.439 2132.4		312.108 196.582 2153.87		228.839 174.316 2232.61		207.487 88.4848 2227.22		0		
356.178 260.81 2077.42		357.787 196.375 2129.5		311.978 196.26 2150.38		228.709 175.841 2236.78		205.579 90.6454 2237.6		0		
356.931 260.902 2077.31		358.165 196.381 2128.6		312.368 196.587 2150.46		229.149 177.269 2238.06		204.768 92.1469 2237.76		0		
357.187 260.773 2077.29		358.42 196.388 2130.24		312.642 196.58 2151.74		229.683 178.154 2239.76		204.563 93.0343 2238.67		0		
357.212 260.716 2076.72		358.23 196.458 2131.47		312.465 196.792 2152.62		230.087 178.576 2238.35		204.467 93.5671 2240.64		0		
356.94 260.582 2076.43		358.038 196.586 2134.24		312.35 196.942 2155.84		230.315 180.394 2239.47		204.885 94.9691 2237.56		0		
356.759 260.112 2075.29		357.943 196.245 2134.79		312.361 196.771 2158.65		230.726 181.663 2242.18		205.451 96.1243 2235.1		0		
356.4 260.511 2075.97		357.63 196.465 2133.33		311.998 196.891 2156.71		231.129 182.38 2245.21		205.849 96.7348 2231.3		0		
356.134 260.638 2077.36		357.529 196.571 2133.99		311.921 196.888 2157.59		230.748 181.981 2244.52		205.356 96.1165 2229.84		0		
356.033 260.704 2077.03		357.43 196.577 2133.11		311.809 196.897 2156.84		230.4 181.493 2244.27		205.026 95.4713 2231.24		0		
355.947 260.897 2078.11		357.306 196.692 2132.95		311.723 197.1 2157.64		230.155 181.459 2242.53		204.829 95.0556 2228.67		0		
356.471 260.983 2076.48		357.607 196.735 2131.52		312.074 197.447 2158.02		230.03 181.532 2243.27		204.815 94.9112 2228.63		0		
356.547 259.996 2078.16		357.714 195.99 2135.1		312.212 196.636 2160.67		229.793 181.278 2243.02		204.655 94.7546 2233.52		0		
356.44 259.553 2078.98		357.667 195.67 2136.91		312.187 196.266 2162.13		229.654 181.048 2241.41		204.463 94.5753 2235.75		0		
356.022 259.222 2079.35		357.51 195.19 2135.2		311.994 195.577 2160.38		230.253 180.641 2242.1		204.292 94.4473 2236.3		0		
355.697 259.43 2079.61		357.271 195.288 2134.11		311.716 195.564 2158.87		230.596 180.462 2240.52		204.199 94.3858 2236.6		0		
355.52 259.042 2080.2		357.208 195.079 2136.42		311.722 195.346 2161.63		230.663 181.325 2240.88		204.819 95.2704 2237.88		0		
355.365 258.922 2080.07		357.271 195.024 2136.96		311.806 195.167 2162.37		230.878 182.388 2241.95		205.355 96.1213 2234.16		0		
355.108 259.183 2080.21		357.243 195.36 2137.88		311.829 195.415 2164		230.773 182.005 2240.21		205.363 95.3728 2229.45		0		
355.743 259.426 2077.69		357.55 195.569 2136.06		312.159 195.98 2163.57		230.98 182.591 2238.1		206.699 95.6854 2228.06		0		
356.273 257.393 2080.88		358.118 193.695 2139.34		312.761 194.042 2166.29		231.732 182.63 2237.23		207.162 95.436 2222.8		0		
356.789 257.233 2080.54		358.542 193.58 2139.59		313.177 193.981 2166.4		232.111 182.511 2236.71		209.782 94.4682 2220.36		0		
356.895 257.772 2080.23		358.815 194.096 2139.22		313.441 194.372 2166.06		232.513 180.881 2234.34		212.133 91.8952 2215.02		0		
356.768 258.724 2078.49		358.975 194.951 2137.11		313.56 195.013 2164		232.551 180.151 2231.67		215.485 90.0229 2206.21		0		
356.935 259.528 2078.41		359.196 195.579 2135.26		313.732 195.547 2161.98		233.022 180.768 2230.61		220.017 89.62 2193.54		0		
356.512 259.716 2079.23		358.848 195.788 2136.06		313.39 195.676 2162.43		233.911 181.429 2232.14		225.685 89.363 2182.04		0		
356.058 259.574 2079.83		358.545 195.701 2136.96		313.114 195.503 2163.39		235.015 183.738 2232.23		231.108 91.331 2169.32		0		
356.164 259.109 2080.32		357.778 195.279 2138.05		312.332 195.625 2163.47		235.731 185.076 2232.08		237.036 92.9242 2155.24		0		
356.011 258.928 2080.35		357.149 195.14 2138.71		311.674 195.735 2162.96		237.416 185.454 2228.83		242.695 93.5193 2145.84		0		
356.593 258.606 2080.89		357.035 194.845 2139.48		311.545 195.857 2162.87		238.87 186.252 2227.66		249.295 95.1772 2134.36		0		
356.475 258.668 2081.05		357.009 194.975 2140.37		311.521 195.901 2163.41		238.75 186.239 2225.68		256.766 96.8793 2126.7		0		
358.432 259.948 2077.26		359.431 196.048 2135.75		313.843 196.64 2159.43		239.275 187.524 2224.73		262.411 100.208 2118.28		0		
359.542 260.852 2076.12		360.749 196.817 2133.66		315.077 197.162 2156.69		240.91 187.045 2222.87		268.847 102.39 2108.31		0		
359.51 261.128 2076.27		361.243 197.084 2133.49		315.53 196.964 2155.53		241.886 187.373 2221.27		275.722 106.503 2101.75		0		
359.838 262.127 2075.22		362.09 197.832 2129.83		316.333 197.381 2152.86		242.634 187.346 2219.85		282.245 110.755 2094.45		0		
360.157 264.595 2072.76		363.572 200.081 2125.4		317.661 198.558 2145.93		243.494 186.724 2214.45		289.048 114.62 2086.46		0		
360.566 266.008 2071.11		364.569 201.378 2122.89		318.556 199.255 2141.46		244.291 187.463 2214.37		295.045 120.481 2083.56		0		
360.652 267.21 2069.39		365.449 202.517 2120.55		319.375 199.695 2137.66		244.739 187.663 2213.14		299.673 125.482 2083.18		0		
360.56 267.795 2068.8		365.724 202.934 2117.8		319.554 199.661 2132.46		244.827 187.954 2211.05		303.475 131.279 2082.89		0		
360.531 268.152 2069.07		365.933 203.19 2116.45		319.715 199.626 2129.52		246.008 187.648 2206.4		307.7 135.429 2081.47		0		
360.626 268.411 2069.77		366.129 203.442 2116.73		319.883 199.582 2126.84		247.286 186.848 2199.76		312.548 139.6 2079.99		0		
361.241 268.866 2067.7		366.822 203.94 2116.12		320.545 199.821 2123.89		248.443 186.35 2195.86		316.262 143.702 2075.72		0		
361.206 269.229 2067.97		366.988 204.239 2115.25		320.691 199.831 2120.88		249.27 186.065 2193.59		318.616 146.678 2076.5		0		
361.176 269.377 2068.37		367.003 204.296 2114.23		320.679 199.816 2119.08		249.614 185.292 2189.52		320.248 149.369 2072.97		0		
361.127 269.419 2068.94		366.95 204.315 2114.25		320.622 199.76 2117.91		249.838 184.886 2187.77		321.178 150.803 2071.64		0		
361.094 269.356 2069.1		366.827 204.218 2113.99		320.487 199.644 2116.39		249.994 184.709 2188.94		321.737 151.47 2071.8		0		
361.072 269.353 2068.8		366.711 204.218 2114		320.366 199.641 2115.47		249.744 184.952 2189.78		321.489 152.86 2072.6		0		
361.005 269.421 2069.27		366.593 204.312 2114.74		320.265 199.682 2115		249.392 185.211 2190.56		321.162 153.733 2073.88		0		
360.985 269.397 2069.3		366.559 204.278 2114.62		320.231 199.609 2114.15		249.162 185.362 2190.88		320.918 154.161 2074.49		0		
361.28 269.547 2068.35		366.787 204.362 2113.28		320.422 199.76 2113.06		248.998 185.477 2191.79		320.786 154.332 2075.29		0		
361.435 269.814 2067.75		366.967 204.594 2112.5		320.587 199.973 2112.25		249.542 185.216 2190.83		321.195 153.372 2074.05		0		
361.988 269.273 2069.46		367.12 204.301 2117.19		320.884 199.558 2112.37		250.034 184.985 2191.22		321.57 152.811 2072.73		0		
362.441 269.001 2068.83		367.418 204.021 2116.84		321.166 199.33 2111.32		250.428 184.926 2191.55		321.801 152.62 2071.34		0		
362.513 268.917 2069.81		367.442 203.847 2116.22		321.167 199.218 2110.5		251.336 184.597 2191.6		320.292 147.299 2068.86		0		
362.335 269.031 2069.29		367.347 203.877 2114.7		321.017 199.351 2110.91		250.729 184.643 2196.4		316.905 142.614 2072.61		0		
361.807 269.381 2069.56		367.242 204.192 2113.91		320.899 199.601 2113.12		250.041 186.46 2202.07		311.914 138.404 2080.92		0		
361.498 269.526 2069.4		367.115 204.355 2113.88		320.772 199.751 2114.71		249.79 185.787 2202.91		308.487 133.169 2083.19		0		
366.934 263.225 2072.09		365.921 198.93 2124.97		319.882 198.071 2116.54		249.508 184.865 2203.22		303.965 127.142 2082.98		0		
364.895 265.252 2071.53		366.34 200.652 2122.42		320.172 198.364 2116.9		248.957 183.482 2204.25		300.326 122.63 2080.94		0		
363.16 266.778 2070.46		366.556 201.977 2119.35		320.315 198.664 2117.74		248.731 182.53 2204.61		295.54 116.938 2083.79		0		
362.332 267.855 2069.07		367.225 202.972 2116.91		320.964 198.827 2118.02		247.502 183.064 2209.37		288.573 113.332 2089.17		0		
367.469 262.278 2070.71		366.366 198.171 2126.35		320.33 197.388 2118.99		247.013 182.992 2211		281.517 109.001 2095.35		0		
365.807 261.138 2070.83		366.595 197.24 2129.67		320.539 195.461 2126.68		246.139 183.094 2213.26		274.119 105.732 2101.95		0		
366.883 260.819 2072.3		364.642 196.774 2129.43		318.535 197.121 2125.29		244.898 181.713 2214.66		266.138 101.12 2108.69		0		
366.446 261.785 2071.67		363.686 197.486 2127.19		317.474 198.36 2124.32		241.462 181.626 2217.86		255.479 98.1649 2120.63		0		
364.464 259.754 2075.32		362.042 195.754 2133		315.962 196.891 2135.8		239.278 182.158 2223.13		246.596 96.7984 2133.9		0		
360.725 262.421 2074.31		360.237 198.055 2128.91		314.13 198.335 2137.34		236.892 180.481 2225.8		239.255 93.818 2143.62		0		
359.175 262.04 2074.89		359.178 197.703 2129.73		313.115 197.88 2140.79		235.315 180.342 2227.53		231.561 93.2938 2158.8		0		
358.464 261.177 2075.93		358.949 196.918 2131.12		312.948 196.941 2144.24		233.846 178.714 2227.11		223.469 91.9918 2174.16		0		
358.514 260.828 2075.22		359.142 196.543 2130.3		313.161 196.619 2145.26		231.602 178.978 2226.02		217.093 92.8393 2192.27		0		
359.104 260.763 2074.18		359.328 196.531 2130.37		313.366 196.966 2146.21		228.706 178.284 2228.92		207.175 94.1492 2213.06		0		
359.443 260.992 2072.35		359.567 196.784 2129.58		313.602 197.347 2146.1		227.2 178.259 2231.28		200.063 96.0452 2227.07		0		
359.493 261.627 2071.9		359.836 197.326 2128.36		313.848 197.744 2145.15		226.034 179.239 2233.84		194.125 99.1824 2241.55		0		
359.365 262.308 2071.29		360.185 197.897 2126.72		314.165 197.98 2143.7		225.317 180.682 2236.71		191.129 100.666 2247.02		0		
358.772 261.162 2072.25		359.403 196.925 2129.11		313.454 197.217 2146.59		226.052 181.598 2238.49		189.539 101.617 2251.06		0		
357.922 260.802 2072.87		358.784 196.581 2129.53		312.882 196.811 2148.04		226.18 182.393 2238.12		188.222 102.584 2252.57		0		
357.33 260.396 2073.61		358.404 196.192 2130.02		312.525 196.305 2148.8		226.187 182.52 2239.58		188.012 102.327 2252.16		0		
357.598 260.527 2072.79		358.533 196.305 2129.37		312.685 196.628 2149.49		226.315 182.654 2238.93		188.036 102.69 2251.73		0		
357.889 261.046 2071.26		358.764 196.676 2126.82		312.895 197.108 2147.97		225.905 183.322 2239.46		188.141 102.362 2247.84		0		
357.732 260.669 2071.95		358.505 196.429 2128.71		312.689 196.978 2150.14		226.175 183.14 2239.9		188.106 102.567 2251.79		0		
357.186 260.212 2072.92		358.124 196.168 2131.38		312.387 196.676 2153.31		225.884 182.686 2238.68		188.056 102.27 2254.23		0		
356.922 260.434 2070.93		358.05 196.402 2130.22		312.34 196.902 2153.42		225.502 182.733 2240.19		188.1 102.078 2252.6		0		
356.932 260.884 2069.63		358.158 196.832 2129.24		312.42 197.249 2152.31		225.721 182.733 2240.71		188.153 102.142 2252.28		0		
356.855 261.447 2067.9		358.356 197.335 2127.49		312.575 197.542 2150.44		225.512 183.174 2239.83		189.148 101.376 2246.18		0		
357.004 261.853 2066.51		358.627 197.707 2126.25		312.808 197.803 2148.99		225.491 183.466 2239.11		189.829 101.438 2248.14		0		
356.929 262.471 2065.56		358.839 198.208 2124.36		313.009 198.148 2147.83		226.028 183.316 2239.25		190.294 101.194 2246.77		0		
356.995 263.073 2065.96		359.127 198.667 2123.03		313.285 198.457 2146.94		226.274 183.162 2239.3		191.036 100.388 2241.09		0		
357.187 263.481 2066.47		359.473 198.943 2121.83		313.611 198.609 2145.92		226.59 183.072 2239.37		190.844 100.281 2242.17		0		
357.218 261.218 2070.71		359.365 196.875 2126.26		313.513 196.467 2148.05		226.794 183.083 2239.59		190.676 100.159 2241.08		0		
357.413 260.936 2071.53		359.478 196.719 2128.22		313.655 196.358 2149.77		226.31 183.509 2242.58		190.227 100.715 2241.84		0		
357.308 261.276 2069.36		359.55 197.03 2126.48		313.719 196.618 2148.83		226.366 183.218 2240.14		190.041 100.972 2243.81		0		
357.461 262.034 2069.72		359.753 197.757 2126.56		313.891 197.222 2148.06		226.535 183.312 2240.06		190.445 100.915 2241.75		0		
358.123 259.904 2073.15		359.356 195.926 2131.98		313.569 196.071 2152.34		226.371 183.693 2241.28		190.473 100.591 2239.64		0		
358.211 259.397 2073.57		359.276 195.528 2133.44		313.515 195.799 2153.73		225.8 183.486 2239.62		190.743 100.567 2243.89		0		
357.965 259.887 2072.05		359.324 195.933 2131.53		313.553 196.071 2152.72		225.434 183.248 2238.55		190.617 100.271 2244.14		0		
357.77 260.601 2071.28		359.508 196.586 2130.4		313.728 196.486 2152.01		225.79 182.969 2237.82		190.675 100.133 2242.01		0		
357.549 261.227 2070.38		359.686 197.117 2128.72		313.888 196.757 2150.73		225.463 182.905 2236.99		191.242 99.6338 2242.81		0		
