343.223 277.751 2385.6		339.988 224.288 2394.62		302.517 226.152 2372.9		246.736 216.518 2281		258 144 2281		0		
344.727 271.575 2397.45		343.068 218.642 2416.35		306.712 218.452 2380.09		246.714 215.201 2274.38		259.049 143.454 2291.32		0		
345.583 268.448 2402.84		344.746 215.779 2426.54		308.963 214.509 2382.9		247.89 213.515 2272.56		259.784 141.925 2302.21		0		
346.12 266.965 2406.73		345.594 214.437 2432.36		310.16 212.691 2384.38		248.642 213.385 2269		261.289 141.164 2300.09		0		
346.462 265.913 2408.69		346.218 213.476 2435.67		311.019 211.35 2384.99		249.122 213.291 2266		260.921 140.461 2303.5		0		
346.563 265.105 2410.76		346.48 212.709 2437.66		311.472 210.391 2384.82		249.428 213.939 2264.24		261.843 140.398 2298.51		0		
346.709 264.864 2411.59		346.76 212.485 2438.46		311.891 210.016 2384.09		249.613 214.334 2261.09		261.309 140.279 2298.91		0		
346.634 264.925 2412.54		346.736 212.569 2439.56		311.968 210.019 2384.14		249.939 215.168 2259.95		262.786 140.4 2292		0		
346.642 264.919 2412.38		346.72 212.556 2439.35		311.99 210.005 2383.4		249.937 216.114 2260.5		263.106 140.764 2287.87		0		
346.767 264.935 2412.89		346.709 212.577 2439.73		311.994 210.12 2383.6		249.788 216.526 2262.2		263.698 140.9 2286.85		0		
346.841 265.173 2413.59		346.677 212.813 2440.08		311.933 210.47 2384.24		249.805 216.916 2264.97		263.422 141.084 2289.98		0		
347 265.327 2412.5		346.71 212.968 2439.67		311.871 210.709 2384.81		249.628 216.721 2269.56		262.938 140.903 2297.64		0		
346.932 265.276 2412.59		346.767 212.903 2439.32		311.782 210.656 2386.16		249.261 215.925 2276.19		261.643 140.368 2309.25		0		
346.955 265.137 2412.91		346.942 212.76 2439.3		311.823 210.497 2387.84		249.054 216.641 2283.83		260.953 140.947 2312.82		0		
346.756 264.478 2413.23		347.055 212.115 2439.56		311.731 209.745 2390.97		248.909 217.107 2290.58		260.519 141.47 2318.04		0		
346.837 264.312 2411.67		347.151 211.965 2439.17		311.608 209.639 2393.6		248.918 217.309 2298.68		260.38 141.774 2323.82		0		
347.114 264.312 2410.6		347.348 211.971 2438.84		311.611 209.778 2396.07		248.831 218.22 2307.39		259.562 142.732 2327.78		0		
347.115 264.287 2410.19		347.459 211.943 2438.54		311.521 209.802 2399.02		248.219 220.104 2318.01		258.026 145.01 2336.63		0		
347.077 264.346 2410.28		347.475 212.007 2438.72		311.387 209.936 2401.8		248.065 219.971 2325.68		257.115 145.014 2340.25		0		
347.059 264.367 2409.65		347.492 212.019 2438.18		311.249 210.037 2404.05		247.918 218.726 2330.94		257.535 143.906 2342.49		0		
346.995 264.263 2409.34		347.455 211.912 2437.92		311.043 210.058 2407.3		247.79 218.315 2338.26		257.054 143.839 2354.1		0		
347.131 264.203 2409.23		347.456 211.857 2438.01		310.912 210.22 2410.45		248.208 219.869 2344.52		257.061 145.434 2353.68		0		
347.092 263.905 2409.45		347.252 211.577 2438.49		310.578 210.204 2414.58		248.481 221.215 2349.3		256.197 146.898 2354.11		0		
347.258 263.223 2409.83		347.473 210.901 2438.61		310.688 209.653 2418.55		248.532 221.846 2353.08		255.616 147.775 2355.48		0		
347.266 263.152 2410.56		347.53 210.681 2435.02		310.59 209.667 2419.1		248.65 221.879 2357.5		255.889 148.127 2356.32		0		
347.162 262.884 2410.48		347.252 210.335 2432.94		310.212 209.62 2420.41		248.46 221.819 2363.34		256.075 148.286 2355.35		0		
347.041 263.34 2409.96		347.256 210.637 2428.09		310.094 210.043 2419.55		248.43 221.756 2367.65		255.527 148.538 2358.47		0		
346.827 263.561 2410.28		347.239 210.783 2425.79		310.018 210.171 2419.6		248.312 221.307 2369.42		255.93 148.506 2361.32		0		
346.615 263.495 2409.97		347.187 210.787 2428.02		309.99 210.115 2424.08		248.272 220.874 2372.28		256.141 148.445 2364.69		0		
346.466 263.575 2409.84		347.257 210.797 2425.62		310.02 210.043 2423.35		248.278 220.419 2373.72		256.23 148.397 2370.95		0		
346.373 263.529 2409.72		347.163 210.822 2427.94		309.96 210.084 2426.75		248.244 219.755 2374.69		256.007 148.087 2377.27		0		
346.062 263.726 2409.39		346.984 211.051 2428.87		309.802 210.266 2429.28		248.266 219.178 2375.2		257.996 147.904 2377.97		0		
345.983 264.285 2409.03		346.897 211.616 2429.12		309.731 210.896 2431.43		248.39 218.944 2377.52		260.472 148.098 2376.85		0		
346.356 264.201 2408.6		347.211 211.528 2428.89		310.043 210.868 2431.87		248.405 218.635 2378.78		261.695 148.204 2380.95		0		
346.554 263.814 2408.74		347.402 211.29 2432.81		310.297 210.637 2436.31		248.444 217.977 2379.14		263.005 147.95 2383.11		0		
347.153 264.19 2408.01		347.409 211.592 2430.86		310.28 211.388 2435.26		248.652 217.903 2382.34		263.055 148.031 2386.61		0		
347.682 263.839 2407.66		347.664 211.193 2429.43		310.513 211.195 2434.14		248.519 217.438 2384.09		263.719 147.824 2386.6		0		
347.876 262.876 2408.72		347.81 210.344 2432.75		310.713 210.39 2437.86		248.614 217.262 2384.06		263.934 147.823 2388.14		0		
348.145 262.965 2408.32		347.948 210.351 2430.39		310.837 210.546 2437.11		248.692 215.186 2384.51		265.215 146.076 2390.1		0		
348.082 262.931 2408.16		347.898 210.289 2429.6		310.79 210.514 2437.37		248.705 213.676 2383.72		266.15 144.781 2392.87		0		
348.05 263.505 2405.5		348.276 210.824 2427.54		311.161 210.812 2436.76		248.365 212.127 2382.8		265.456 142.866 2390.02		0		
348.187 263.799 2404.66		348.367 210.989 2423.39		311.197 211.019 2433.19		248.362 212.149 2384.54		266.383 142.943 2389.15		0		
347.588 264.117 2403.96		348.535 211.252 2421.06		311.35 210.763 2431.55		248.435 212.472 2386.12		266.781 143.159 2386.75		0		
347.357 264.517 2403.67		348.712 211.53 2416.07		311.46 210.748 2426.9		248.402 211.882 2385.96		266.65 142.502 2389.99		0		
347.592 264.361 2401.99		348.854 211.3 2413.28		311.524 210.537 2422.19		248.436 212.383 2386.92		266.946 142.853 2387.78		0		
347.657 264.248 2400.9		348.838 211.139 2411.48		311.453 210.393 2418.73		248.326 211.691 2384.82		265.772 141.85 2391.38		0		
348.03 264.029 2401.7		349.229 210.938 2412.37		311.84 210.15 2418.45		248.611 212.122 2383.05		266.074 141.637 2390.13		0		
348.56 265.048 2400.66		349.498 211.914 2410.86		312.064 211.268 2415.28		248.846 212.879 2381.21		265.362 141.574 2393.02		0		
349.084 265.155 2400.85		349.811 212.012 2410.69		312.366 211.505 2414.71		248.697 213.246 2379.53		265.843 141.496 2388.53		0		
348.846 265.443 2401.36		349.802 212.292 2410.21		312.362 211.65 2415.27		248.678 213.187 2375.69		265.248 140.983 2386.47		0		
348.545 265.354 2402.03		349.567 212.296 2413.99		312.187 211.601 2419.15		248.871 213.587 2371.54		264.97 140.656 2381.47		0		
348.182 264.348 2402.95		349.219 211.457 2419.72		311.942 210.781 2426.04		248.671 213.396 2366.58		264.718 140.469 2383.44		0		
347.955 263.847 2402.84		349.107 210.957 2419.79		311.839 210.213 2426.56		248.851 213.854 2359.09		264.678 140.37 2374.72		0		
347.546 264.001 2402.79		348.924 211.094 2419.12		311.656 210.204 2426.33		249.488 212.176 2354.08		265.639 138.674 2379.49		0		
347.275 263.771 2403.06		348.734 210.978 2422.6		311.521 210.031 2429.82		251.325 208.767 2348.2		269.209 135.765 2382.02		0		
347.174 263.631 2402.33		348.46 210.765 2420.3		311.231 209.983 2428.89		252.646 206.473 2343.88		274.349 133.887 2371.51		0		
346.966 263.085 2403.18		347.964 210.307 2423.33		310.786 209.749 2432.33		253.025 204.063 2344.44		282.61 133.745 2360.85		0		
346.336 263.042 2403.76		347.188 210.339 2425.82		310.081 209.955 2436.48		256.761 200.226 2338.86		300.563 137.483 2333.86		0		
346.845 265.719 2398.38		349.106 212.916 2419.77		311.938 211.521 2430.45		258.756 197.448 2336.7		314.206 143.257 2315.38		0		
347.48 267.631 2395.72		350.785 214.705 2413.61		313.548 212.547 2424.01		260.563 192.858 2335.87		321.298 143.027 2304.19		0		
347.775 268.935 2393.77		351.641 215.938 2409.97		314.366 213.374 2420.4		260.632 189.29 2334.45		321.647 138.371 2294.94		0		
347.728 269.974 2392.74		351.79 216.896 2406.69		314.534 214.259 2420.1		259.292 185.376 2333.18		309.625 124.899 2298.31		0		
347.338 267.211 2398.88		350.3 214.337 2416.89		313.27 212.652 2434.17		257.107 184.589 2333.04		296.748 116.888 2298.55		0		
347.21 265.912 2401.75		349.574 213.141 2421.92		312.54 211.817 2437		255.258 183.942 2331.3		284.172 111.25 2301.49		0		
346.88 265.143 2402.72		349.101 212.432 2424.27		312.038 211.131 2436.83		252.389 183.708 2327.35		272.531 107.238 2299.95		0		
346.786 264.603 2402.81		349.049 211.929 2425.27		311.946 210.497 2434.93		250.729 184.178 2325.3		263.37 105.485 2301.44		0		
346.715 264.585 2402.24		349.241 211.935 2425.35		312.11 210.231 2432.67		249.865 184.36 2323.28		257.2 104.336 2299.92		0		
347.006 264.805 2402.1		349.656 212.165 2425.52		312.509 210.314 2431.31		250.136 184.61 2321.45		254.119 103.685 2291.51		0		
347.125 264.944 2402.51		349.813 212.315 2425.99		312.664 210.414 2431.14		250.296 185.561 2321.93		255.608 104.326 2283.91		0		
347.306 265.123 2402.55		349.971 212.484 2425.82		312.822 210.621 2431.57		251.251 185.482 2322.35		260.229 104.968 2279.44		0		
347.497 265.092 2402.5		349.851 212.465 2426.52		312.706 210.834 2432.67		252.919 186.924 2323.95		267.779 107.584 2276.78		0		
347.896 264.957 2402.06		349.892 212.305 2426.07		312.726 210.912 2431.86		254.433 187.071 2324.45		276.937 109.785 2268.98		0		
348.012 265.069 2402.19		349.651 212.327 2423.96		312.447 211.199 2430.03		255.899 187.306 2323.96		287.214 113.663 2268.55		0		
348.007 264.346 2403.91		349.374 211.789 2429.54		312.236 210.788 2434.21		258.605 187.741 2322		299.582 119.393 2264.51		0		
348.031 264.717 2405.03		349.361 212.098 2428.63		312.205 211.119 2432.95		263.398 187.425 2316.99		314.475 126.698 2263.21		0		
346.7 265.737 2405.3		347.94 213.073 2427.95		310.814 212.27 2435.13		266.88 187 2315.03		325.738 133.878 2261.25		0		
347.626 268.607 2398.41		348.872 215.735 2420.17		312.05 215.345 2440.18		267.571 188.524 2316.6		332.471 141.868 2267.64		0		
348.656 271.609 2392.74		350.604 218.589 2413.74		313.548 217.596 2431.25		259.53 195.424 2324.71		327.412 155.32 2270.29		0		
348.888 273.148 2390.92		351.169 220.04 2410.34		313.978 218.73 2425.83		255.653 199.533 2329.85		324.818 162.461 2271.82		0		
349.594 274.982 2387.84		352.641 221.814 2406.47		315.36 219.906 2420.59		257.552 200.112 2330.88		326.364 161.741 2270.16		0		
349.661 275.974 2390.31		353.252 222.823 2406.4		315.926 220.438 2417.45		261.862 198.048 2327.97		330.359 156.981 2273.43		0		
350.116 275.96 2390.79		353.609 222.821 2407.4		316.238 220.402 2414.81		264.023 196.718 2326.17		330.242 151.13 2269.88		0		
350.244 276.091 2391.34		353.713 222.958 2407.89		316.319 220.487 2412.83		263.597 196.147 2327.99		326.816 147.2 2263.19		0		
350.988 275.954 2391.13		354.239 222.784 2406.98		316.801 220.404 2409.37		262.964 196 2329.03		319.125 139.701 2264.76		0		
352.239 270.103 2399.06		353.189 217.33 2421.86		315.952 216.585 2425.59		260.177 195.487 2331.69		309.549 133.257 2264.97		0		
352.404 267.101 2402.61		352.352 214.53 2428.98		315.199 214.45 2432.22		257.973 195.231 2332.1		299.74 127.766 2262.14		0		
352.122 265.186 2405.88		351.65 212.735 2433.56		314.549 212.903 2435.75		255.709 195.392 2334.22		289.441 123.751 2262.78		0		
351.677 264.195 2407.23		351.374 211.832 2436.34		314.306 211.858 2438.19		253.414 195.597 2335.13		280.762 120.862 2262.17		0		
351.327 264.113 2407.24		351.29 211.759 2436.67		314.224 211.584 2438.26		252.427 196.452 2335.51		272.665 119.284 2259.92		0		
350.811 264.806 2408.29		351.315 212.304 2433.39		314.204 211.801 2435.52		250.474 197.285 2337.67		265.279 118.624 2262.6		0		
350.36 265.153 2409.05		351.235 212.587 2432.05		314.108 211.849 2434.48		249.219 198.526 2340.19		260.13 119.137 2261.96		0		
350.125 265.04 2409.53		351.476 212.447 2431.14		314.344 211.384 2433.6		249.946 199.92 2340.39		257.528 119.615 2262.37		0		
350.096 264.254 2411.67		351.673 211.822 2436.03		314.616 210.538 2437.44		249.849 199.731 2339.03		257.467 119.158 2265.1		0		
350.846 264.59 2409.12		352.101 212.045 2432.39		314.978 210.939 2432.2		252.105 198.312 2336.1		264.187 118.46 2262.23		0		
351.499 265.193 2407.92		352.059 212.595 2430.97		314.905 211.931 2429.46		253.836 196.786 2331.41		271.85 118.305 2256.65		0		
351.88 265.519 2407.2		352.199 212.889 2430.08		315.027 212.371 2427.89		256.746 195.343 2327.87		281.464 119.217 2254.93		0		
351.786 264.857 2408.7		352.03 212.361 2434.11		314.921 211.819 2430.77		258.24 196.108 2327.02		290.339 122.61 2255.74		0		
351.656 264.661 2409.31		351.796 212.085 2432.18		314.653 211.692 2430.01		259.587 196.55 2325.88		299.818 127.336 2254.79		0		
351.348 264.769 2409.56		351.526 212.157 2431.36		314.37 211.734 2428.64		260.668 197.484 2323.18		309.672 134.014 2253.83		0		
349.904 265.523 2409.67		349.94 212.948 2432.71		312.816 212.751 2433.45		263.529 197.622 2317.63		319.071 139.631 2254.85		0		
348.547 266.262 2409.26		348.428 213.685 2432.74		311.32 213.691 2435.92		265.253 198.11 2313.87		326.031 145.139 2256.56		0		
347.892 268.001 2404.67		347.535 215.321 2428.53		310.375 215.547 2433.15		266.12 198.686 2311.28		331.143 150.632 2257.89		0		
347.607 270.115 2402.4		346.846 217.271 2423.17		309.623 217.824 2429.05		266.443 198.91 2309.4		334.713 154.634 2264.67		0		
346.984 271.513 2401.27		345.866 218.591 2420.58		308.641 219.454 2428.42		266.993 199.032 2309.48		337.294 157.536 2266.78		0		
347.045 272.23 2400.74		345.714 219.271 2419.27		308.455 220.256 2426.11		267.023 199.108 2308.66		337.521 157.772 2267.63		0		
347.161 272.11 2401.3		345.301 219.16 2419.19		308.044 220.504 2425.46		259.25 205.409 2316.46		327.127 162.5 2268.02		0		
350.103 272.761 2398.68		348.852 219.816 2419.24		311.549 220.616 2422.7		259.171 206 2318.13		325.055 159.853 2267.08		0		
351.547 273.221 2397.12		350.742 220.264 2418.82		313.409 220.66 2419.9		261.145 204.195 2320.44		321.733 151.569 2263.87		0		
352.574 273.751 2394.2		352.023 220.744 2416.67		314.647 220.937 2417.3		261.416 203.07 2320.56		314.249 143.107 2266.81		0		
352.687 269.406 2400.72		351.588 216.707 2426.41		314.37 217.301 2427.96		259.669 202.875 2327.13		306.336 138.203 2270.27		0		
352.486 267.11 2404.03		351.373 214.441 2428.03		314.176 215.051 2429.32		258.369 202.369 2326.79		299.189 133.527 2266.64		0		
352.166 266.174 2405.65		351.11 213.527 2429.13		313.924 214.074 2429.6		256.958 202.49 2330.33		291.558 130.351 2267.7		0		
352.1 265.249 2406.47		351.275 212.614 2429.66		314.093 212.977 2429.49		255.407 202.972 2332.36		284.131 128.855 2268.85		0		
352.081 264.942 2406.72		351.357 212.296 2429.43		314.17 212.569 2428.65		254.698 201.503 2332.03		278.112 125.977 2267.17		0		
352.254 265.19 2407.34		351.592 212.548 2429.88		314.412 212.796 2429.61		253.676 201.057 2331.91		272.541 124.274 2270.12		0		
352.599 265.166 2406.53		351.889 212.504 2429		314.695 212.738 2427.4		252.675 200.967 2331.01		268.919 123.189 2271.14		0		
352.465 265.412 2406.29		352.027 212.742 2428.78		314.829 212.787 2427.3		252.585 201.137 2330.58		266.673 122.773 2271.24		0		
352.587 265.316 2405.72		352.229 212.631 2428.13		315.021 212.61 2426.36		253.151 202.443 2332.71		266.099 123.942 2273.36		0		
352.889 265.268 2405.57		352.647 212.592 2428.29		315.441 212.478 2426.42		253.191 203.569 2334.72		266.371 125.227 2272.98		0		
353.181 265.59 2404.76		352.795 212.903 2427.76		315.582 212.866 2425.31		253.291 204.368 2335.73		266.535 126.07 2273.76		0		
353.24 265.644 2404.51		352.828 212.962 2427.81		315.616 212.942 2425.44		253.43 204.941 2336.9		267.066 126.841 2274.93		0		
353.331 266.104 2404.07		352.908 213.414 2427.53		315.695 213.361 2424.11		253.514 205.034 2337.78		268.027 127.232 2275.58		0		
353.24 266.176 2403.65		352.886 213.371 2423.9		315.615 213.331 2421.08		254.023 202.855 2332.94		270.473 125.451 2267.5		0		
353.054 266.507 2403.32		352.718 213.644 2422.12		315.421 213.593 2418.67		255.584 203.459 2324.37		274.467 126.097 2262.46		0		
352.903 266.714 2402.67		352.618 213.803 2420.47		315.297 213.718 2416.6		256.444 204.56 2323.05		279.092 127.733 2258.51		0		
352.911 266.612 2402.38		352.522 213.686 2419.88		315.195 213.656 2415.27		257.099 206.207 2321.11		287.093 131.616 2259.69		0		
353.054 266.66 2401.87		352.508 213.725 2419.44		315.178 213.786 2414.2		258.135 206.56 2320.55		295.463 135.2 2257.17		0		
352.843 267.39 2401.89		352.344 214.352 2415.63		314.95 214.457 2411.16		259.963 205.273 2312.77		305.498 138.868 2255.33		0		
351.576 268.375 2402.03		351.279 215.414 2418.74		313.93 215.418 2416.67		262.128 204.812 2311.91		316.067 144.252 2255.7		0		
350.53 269.056 2401.77		349.651 216.147 2420.51		312.356 216.671 2422.41		263.963 205.338 2309.78		322.798 149.223 2256.58		0		
350.124 269.657 2398.28		348.65 216.781 2420.21		311.365 217.752 2423.49		264.761 205.983 2307.82		328.41 155.572 2260.09		0		
350.993 270.864 2393.41		349.005 217.962 2417.68		311.69 219.29 2421.44		264.904 206.459 2306.45		331.195 159.175 2261.02		0		
349.501 274.244 2387.56		347.401 221.119 2410.01		310.083 222.702 2419.54		265.549 206.151 2303.6		332.002 158.917 2259.29		0		
349.788 275.809 2386.8		347.877 222.544 2405.58		310.426 223.92 2412.29		265.486 205.831 2302.46		330.525 156.886 2256.99		0		
350.446 275.965 2386.7		348.358 222.669 2404.41		310.847 224.062 2406.96		265.284 203.684 2304.22		329.007 153.114 2253.87		0		
352.672 277.239 2385.11		351.8 223.947 2405.15		314.268 224.406 2406.37		264.264 202.788 2302.1		324.686 148.449 2252.34		0		
353.647 278.159 2384.39		354.007 224.815 2403.23		316.44 224.374 2403.19		262.237 204.813 2306.13		316.197 144.81 2254.2		0		
355.385 272.636 2391.88		354.753 219.408 2407.21		317.251 219.631 2404.19		261.085 205.792 2308.36		307.864 140.276 2253.78		0		
355.653 269.905 2396.88		354.817 216.737 2409.88		317.377 217.053 2403.38		259.355 206.803 2310.79		298.958 136.85 2254.08		0		
355.63 267.773 2400.14		354.854 214.646 2411.67		317.488 214.848 2401.24		258.488 206.599 2309.06		291.365 132.992 2250.5		0		
355.543 267.24 2401.05		354.777 214.194 2415.09		317.472 214.292 2403.46		256.864 206.315 2307.25		283.412 130.187 2248.22		0		
355.578 266.515 2402.21		354.809 213.529 2417.51		317.534 213.6 2405.98		255.969 206.969 2308.9		275.748 128.826 2247.27		0		
355.077 266.529 2402.1		354.715 213.566 2418.41		317.449 213.33 2407.01		255.039 207.049 2310.28		266.84 127.505 2243.33		0		
354.503 266.911 2401.04		354.594 213.944 2418.11		317.315 213.393 2407.33		254.547 207.801 2310.59		261.359 127.482 2240.44		0		
354.3 267.367 2400.11		354.573 214.387 2417.56		317.276 213.72 2407.41		254.31 208.036 2308.53		258.659 127.523 2236.61		0		
354.526 267.297 2399.73		354.887 214.316 2417.4		317.588 213.581 2407.3		254.286 208.195 2306.45		259.461 127.753 2232.81		0		
354.294 267.328 2399.52		354.837 214.347 2417.29		317.528 213.505 2407.98		254.756 207.579 2303.15		262.461 127.329 2230.89		0		
353.886 266.622 2398.07		354.573 213.762 2420.01		317.303 212.75 2411.12		255.926 206.853 2300.74		267.657 126.813 2227.8		0		
353.845 265.887 2397.62		354.382 213.108 2421.99		317.141 212.147 2412.97		256.477 207.42 2300.9		274.161 128.326 2229.69		0		
353.611 265.701 2396.91		354.227 212.947 2422.35		316.983 211.941 2414.14		257.762 207.192 2298.75		281.525 129.387 2233.16		0		
353.143 265.827 2395.34		353.701 213.107 2422.6		316.44 212.209 2416.68		259.419 207.625 2301.01		293.473 134.918 2239.59		0		
352.537 265.908 2394.7		353.391 213.2 2422.48		316.125 212.116 2417.31		260.676 206.874 2300.34		303.322 138.753 2242.1		0		
352.72 265.821 2395.27		353.282 213.119 2423.02		316.033 212.176 2416.3		263.717 206.413 2299.22		314.716 143.949 2240.89		0		
351.593 266.12 2394.43		352.184 213.439 2423.23		314.921 212.609 2419.75		265.602 205.546 2292.82		322.101 147.064 2238.86		0		
350.357 266.166 2393.7		350.729 213.538 2424.17		313.478 213 2423.94		266.416 205.919 2293.88		327.931 152.492 2243.92		0		
349.603 265.97 2395.37		349.43 213.302 2424.04		312.2 213.314 2427.44		265.094 208.375 2299.04		329.609 158.677 2249.46		0		
349.231 265.846 2396.76		348.515 213.161 2424.23		311.299 213.629 2429.12		264.981 209.021 2302.02		331.081 161.055 2253.59		0		
349.549 265.844 2396.51		348.416 213.128 2423.25		311.167 213.817 2426.18		264.902 208.966 2300.51		330.19 159.534 2254.08		0		
352.106 265.051 2397.32		351.671 212.348 2423.81		314.43 212.31 2421.34		265.242 208.036 2296.29		328.818 156.122 2250.93		0		
353.183 265.143 2397.77		353.147 212.321 2420.77		315.851 211.989 2416.92		265.803 207.825 2298.25		326.821 152.851 2250.31		0		
353.707 265.277 2398.4		353.64 212.391 2419.34		316.319 212.073 2414.55		264.671 206.576 2300.36		320.725 147.336 2250.93		0		
354.005 265.731 2398.55		354.129 212.819 2418.81		316.812 212.315 2412.24		262.404 207.51 2301.71		313.808 144.373 2252.37		0		
354.112 265.585 2398.58		354.354 212.752 2421.05		317.076 212.103 2413.94		261.844 207.588 2302.5		306.615 140.147 2248.59		0		
354.207 265.227 2397.91		354.75 212.455 2422.22		317.502 211.528 2414.37		260.63 207.224 2301.8		298.083 135.343 2246.22		0		
354.363 265.291 2396		355.094 212.422 2418.77		317.802 211.372 2410.42		259.358 206.544 2300.33		290.86 131.792 2240.7		0		
354.522 265.121 2394.87		355.355 212.201 2416.84		318.049 211.054 2407.4		258.347 206.797 2300.2		283.126 129.434 2238.89		0		
354.501 265.025 2394.32		355.472 212.076 2415.7		318.17 210.802 2405.11		257.757 206.702 2300.23		277.776 127.679 2234.67		0		
354.291 265.67 2392.66		355.459 212.716 2414.97		318.146 211.293 2404.57		257.189 207.557 2302.67		272.748 127.357 2234.64		0		
354.495 265.747 2393.76		355.503 212.784 2415.27		318.203 211.465 2404.13		256.87 207.836 2301.17		269.273 126.868 2231.95		0		
354.689 265.278 2394.66		355.891 212.439 2418.69		318.669 210.888 2406.69		256.712 208.282 2302.16		268.34 127.097 2233.57		0		
354.718 265.374 2394.83		355.851 212.6 2420.53		318.658 211.055 2408.43		257.013 207.554 2299.23		270.613 126.759 2229.94		0		
354.789 265.408 2393.32		355.816 212.53 2417.29		318.538 211.17 2407.11		256.996 207.999 2298.68		274.434 128.142 2227.08		0		
354.721 265.476 2392.54		355.808 212.541 2415.43		318.483 211.206 2406.47		258.66 208.196 2299.54		280.356 129.802 2225.3		0		
354.721 265.714 2393.21		355.706 212.759 2415.3		318.369 211.53 2406.73		259.602 208.6 2302.51		286.767 132.474 2225.55		0		
354.612 266.458 2392.67		355.6 213.487 2414.85		318.245 212.29 2407.18		260.312 208.523 2301.27		293.257 135.264 2222.61		0		
354.376 266.812 2392.17		355.356 213.949 2417.54		318.039 212.712 2410.14		261.361 209.407 2302.17		299.513 138.655 2223.67		0		
354.226 266.143 2391.89		355.107 213.343 2418.92		317.794 212.225 2413.42		262.008 210.824 2303.6		306.518 143.904 2229.73		0		
354.153 266.012 2391.84		355.165 213.268 2420.17		317.868 212.061 2415.32		263.788 209.846 2298.5		315.217 148.115 2224.56		0		
354.605 265.592 2391.27		355.521 212.724 2416.71		318.166 211.631 2412.01		265.069 209.38 2294.46		322.162 152.42 2220.79		0		
353.805 265.616 2390.4		354.222 212.844 2418.84		316.885 212.198 2417		267.198 209.756 2294.8		328.656 156.444 2222.46		0		
353.54 265.236 2390.68		352.745 212.58 2421.43		315.45 212.818 2420.65		268.346 210.672 2294.9		332.743 160.806 2227.47		0		
353.307 264.882 2391.86		351.582 212.251 2422.18		314.309 213.187 2422.19		268.095 210.892 2296.07		334.645 162.835 2232.77		0		
353.031 264.667 2391.64		350.627 212.081 2422.65		313.373 213.508 2422.93		267.658 211.131 2295.26		335.585 164.276 2239.17		0		
353.231 264.363 2391.56		349.807 211.882 2423.71		312.6 213.969 2422.79		267.803 210.832 2295.18		334.789 162.055 2238.88		0		
353.605 265.343 2390.93		352.576 212.594 2418.08		315.258 213.013 2416.81		267.089 209.051 2290.21		330.071 155.867 2237.71		0		
353.724 265.726 2391.56		353.743 212.995 2419.59		316.436 212.619 2417.51		266.571 208.513 2289.83		322.938 149.131 2237.69		0		
354.346 265.845 2391.56		354.746 213.105 2419.85		317.436 212.421 2417.1		264.836 209.312 2293.45		314.855 145.233 2234.39		0		
354.968 265.663 2390.19		355.474 212.792 2416.16		318.102 212.05 2413.23		263.252 208.391 2294.33		307.073 140.559 2226.45		0		
355.171 266.007 2390.18		355.902 212.965 2411.39		318.453 212.13 2408.57		260.623 209.696 2297.04		297.162 137.927 2223.24		0		
355.197 265.736 2390.53		356.223 212.718 2412.2		318.802 211.611 2407.82		259.72 209.832 2295.39		289.225 134.978 2217.18		0		
355.145 265.784 2390.54		356.259 212.793 2413.06		318.865 211.555 2407.13		258.509 208.821 2291.71		281.498 131.269 2212.67		0		
355.199 265.905 2389.96		356.483 212.908 2412.63		319.093 211.521 2405.99		257.566 208.95 2290.65		275.754 129.734 2209.67		0		
355.181 265.271 2390.78		356.478 212.417 2416.49		319.165 210.912 2408.6		257.113 208.612 2289.87		270.44 128.059 2207.6		0		
355.204 265.049 2390.68		356.616 212.258 2417.89		319.339 210.611 2409.24		256.821 208.919 2290		266.76 127.648 2209.3		0		
355.197 265.34 2390.68		356.628 212.6 2419.2		319.376 210.902 2410.23		256.54 209.776 2292.49		265.759 128.452 2210.77		0		
355.143 265.216 2390.46		356.552 212.496 2419.58		319.307 210.797 2410.47		256.593 209.621 2293.73		266.641 128.347 2211.96		0		
355.211 265.362 2390.01		356.671 212.648 2419.51		319.417 210.937 2411.12		256.721 209.453 2294.33		268.073 128.356 2212.04		0		
355.346 265.554 2389.4		356.878 212.706 2415.9		319.56 211.026 2408.15		257.794 208.809 2290.32		271.323 128.115 2211.61		0		
355.339 265.445 2390.19		356.763 212.659 2417.91		319.487 210.995 2409.27		259.207 208.992 2290		275.957 129.236 2212.62		0		
355.268 265.349 2388.96		356.641 212.611 2418.45		319.379 210.927 2409.33		259.753 210.319 2293.99		280.774 132.165 2212.58		0		
355.076 265.636 2388.96		356.699 212.773 2415.24		319.382 211.007 2406.83		259.969 210.57 2298.67		286.073 134.336 2216.03		0		
354.967 266.162 2388.3		356.532 213.229 2413.42		319.175 211.555 2405.63		261.509 210.464 2296.78		292.589 136.163 2212.5		0		
354.948 266.576 2387.94		356.466 213.602 2412.41		319.093 211.972 2404.49		262.608 210.9 2295.02		299.157 139.056 2213.45		0		
354.851 266.656 2389.47		356.384 213.564 2409.41		318.941 212.069 2403.56		263.155 211.854 2296.14		306.3 143.995 2217.11		0		
354.878 266.838 2389.82		356.364 213.682 2407.74		318.888 212.269 2402.18		265.741 212.062 2294.86		314.34 147.259 2216.83		0		
354.721 267.18 2390.21		356.108 213.987 2406.91		318.608 212.696 2402.3		267.347 212.462 2293.14		321.652 152.079 2216		0		
354.305 267.318 2389.53		354.896 214.28 2411.58		317.451 213.51 2407.78		268.5 213.097 2288.71		328.784 158.265 2221.16		0		
353.906 267.426 2389.14		353.848 214.484 2414.39		316.437 214.176 2411.66		269.169 213.042 2289.1		332.962 162.262 2226.77		0		
354.205 265.058 2393.46		355.109 212.152 2416.08		317.754 211.119 2411.27		269.281 213.282 2289.42		334.657 163.977 2228.42		0		
354.156 264.388 2395.86		355.796 211.513 2417.23		318.478 209.956 2411.99		270.117 213.008 2289.46		334.381 161.86 2223.64		0		
354.958 264.784 2396.44		356.17 211.889 2417.55		318.85 210.608 2411.56		270.976 211.975 2287.92		333.962 158.766 2223.8		0		
355.27 265.255 2395.56		356.397 212.215 2412.95		318.988 211.106 2408.9		270.785 211.471 2286.41		329.806 153.952 2224.98		0		
355.38 265.58 2395.02		356.391 212.569 2414.04		319.009 211.463 2408.28		268.894 211.779 2289.94		324.434 150.711 2229.46		0		
355.418 265.703 2394.97		356.434 212.713 2414.81		319.071 211.561 2408.07		266.288 211.767 2289.91		314.506 145.574 2228.73		0		
355.459 265.939 2395.01		356.776 212.972 2415.36		319.44 211.569 2407.73		264.937 210.871 2288.7		306.794 140.748 2226.31		0		
355.486 266.409 2394.18		356.886 213.438 2415.04		319.543 211.978 2407.68		263.816 211.403 2289.57		299.392 138.087 2225.74		0		
355.602 266.26 2393.41		356.946 213.293 2414.88		319.61 211.832 2406.72		262.722 210.996 2291.02		293.735 136.21 2225.36		0		
355.719 266.518 2392.81		357.075 213.427 2410.79		319.672 212.027 2402.63		261.439 211.722 2292.57		288.284 135.436 2224.13		0		
355.628 266.441 2392.63		356.944 213.407 2412.56		319.581 211.967 2403.56		260.755 211.604 2290.97		283.412 133.931 2220.52		0		
355.733 266.31 2392.39		357.22 213.302 2413.14		319.871 211.726 2404.18		259.954 211.48 2290.4		278.556 132.44 2219.66		0		
355.699 266.441 2392.12		357.385 213.332 2409.6		319.977 211.697 2401.19		260.027 211.578 2287.97		275.427 131.829 2218.28		0		
355.604 266.846 2392.05		357.469 213.682 2407.65		320.044 211.944 2398.58		259.85 210.935 2286.56		272.663 130.642 2218.75		0		
356.034 266.634 2391.86		357.704 213.445 2407.01		320.274 211.834 2397.31		259.274 211.393 2286.31		271.738 130.719 2218.73		0		
355.81 266.972 2391.47		357.786 213.789 2406.82		320.364 211.955 2396.97		259.068 211.715 2287.54		271.947 130.972 2216.75		0		
356.385 266.686 2391.13		357.938 213.498 2407.04		320.52 211.928 2396.52		260.168 212.667 2286.82		272.876 132.399 2213.4		0		
356.61 266.725 2390.7		358.027 213.507 2406.1		320.59 212.045 2395.59		260.34 213.787 2286.71		274.939 134.257 2210.78		0		
356.642 266.789 2390.08		358.034 213.554 2405.42		320.596 212.094 2394.33		260.771 213.519 2288.25		278.798 135.137 2211.34		0		
356.665 266.98 2389		357.906 213.743 2405.34		320.481 212.341 2393.34		261.656 213.001 2285.44		284.875 135.804 2210.82		0		
356.793 266.94 2388		357.711 213.686 2404.73		320.267 212.505 2392.8		262.384 212.978 2282.19		290.989 137.045 2213.18		0		
356.764 266.991 2387.11		357.518 213.714 2403.91		320.047 212.663 2392.49		263.99 213.403 2284.36		298.082 139.626 2212.64		0		
356.701 266.996 2387.03		357.603 213.725 2403.97		320.133 212.572 2392.78		265.488 214.246 2285.16		305.544 142.859 2214.22		0		
356.9 266.269 2387.86		357.905 213.118 2407.67		320.505 211.806 2396.03		268.039 212.811 2283.63		315.272 145.805 2210.05		0		
356.873 265.78 2387.6		357.905 212.686 2409.16		320.522 211.331 2398.02		268.985 213.457 2281.62		321.967 150.989 2211.49		0		
356.845 265.453 2388.09		357.874 212.282 2406.88		320.436 211.022 2396.78		270.444 214.15 2278.13		327.6 155.165 2210.97		0		
356.302 265.439 2385.6		356.833 212.429 2410.29		319.422 211.446 2401.26		270.834 215.195 2280.39		331.404 158.899 2213.92		0		
355.823 264.447 2386.13		356.957 211.46 2410.73		319.567 210.048 2401.69		271.677 216.542 2279.83		334.623 162.699 2215.35		0		
355.453 264.203 2385.84		356.235 211.395 2414.98		318.901 210.145 2406.01		272.848 217.107 2279.61		337.47 164.98 2216.71		0		
355.143 263.979 2385.21		355.686 211.239 2416.39		318.358 210.154 2408.17		273.52 217.151 2278.92		339.082 166.023 2218.45		0		
354.894 263.776 2385.3		355.199 211.059 2417.08		317.869 210.161 2409.45		273.765 217.084 2278.29		339.794 166.136 2222.27		0		
354.567 263.56 2386.69		354.581 210.868 2418.42		317.266 210.177 2410.74		272.74 216.798 2279.5		338.37 165.284 2221.96		0		
354.831 263.177 2386.99		353.977 210.542 2419.6		316.683 210.425 2411.34		272.544 214.512 2273.03		336.718 161.47 2216.47		0		
355.413 264.257 2385.75		355.627 211.439 2414.91		318.269 210.652 2407.36		272.315 212.788 2269.83		333.675 156.66 2211.56		0		
355.703 264.727 2384.95		356.4 211.819 2412.51		319.017 210.699 2404.53		272.28 211.819 2268.52		330.644 152.281 2212.81		0		
356.399 265.379 2385.17		356.969 212.412 2411.58		319.605 211.311 2401.27		271.094 211.935 2269.64		323.305 147.184 2213.65		0		
356.51 265.707 2385.38		357.273 212.705 2410.84		319.928 211.428 2398.99		269.724 211.573 2271.04		317.447 144.156 2213.09		0		
356.788 265.657 2384.93		357.6 212.627 2409.96		320.256 211.294 2397.38		268.609 211.412 2270.26		310.695 140.658 2210.04		0		
356.77 265.769 2384.27		357.644 212.631 2406.75		320.229 211.348 2395.14		266.4 212.176 2273.08		303.687 138.781 2208.8		0		
356.926 265.648 2384.3		357.864 212.558 2408		320.475 211.192 2396.19		265.549 213.411 2274.63		297.713 137.428 2210.28		0		
357.024 265.908 2383.57		357.787 212.721 2405.19		320.324 211.576 2394.83		264.36 213.459 2274.05		289.065 135.064 2208.32		0		
357.046 266.454 2383.06		357.875 213.207 2403.39		320.412 212.001 2391.56		263.285 213.066 2274.86		282.623 133.551 2212.65		0		
357.002 267.058 2382.5		357.904 213.777 2402.32		320.443 212.504 2389.51		261.928 214.795 2276.61		277.5 134.384 2214.76		0		
357.009 267.1 2382.13		357.934 213.8 2401.68		320.5 212.465 2387.25		261.217 216.241 2278.16		274.329 135.279 2213.18		0		
356.857 267.428 2381.99		357.821 214.132 2401.8		320.416 212.727 2386.24		261.377 215.997 2278.13		274.043 135.179 2211.05		0		
356.762 267.028 2383.07		357.626 213.744 2402.47		320.23 212.415 2386.77		261.665 216.257 2277.67		275.743 135.746 2210.2		0		
356.78 267.39 2383		357.601 214.092 2402.16		320.195 212.807 2386.57		262.66 216.444 2278.24		279.2 135.869 2209.4		0		
357.032 266.507 2383.92		357.627 213.351 2406.4		320.303 212.101 2390.15		263.038 216.909 2279.4		283.176 137.114 2207.11		0		
357.126 265.93 2384.31		357.66 212.838 2408.24		320.38 211.565 2391.42		264.052 216.401 2277.41		288.766 137.896 2205.98		0		
357.177 266.515 2384.13		357.58 213.307 2405.04		320.189 212.293 2390.65		265.138 216.299 2276.15		297.11 140.473 2203.89		0		
357.348 267.119 2382.67		357.552 213.846 2402.92		320.122 212.999 2388.56		266.118 215.989 2276.93		304.271 143.103 2201.26		0		
357.339 267.39 2382.95		357.384 214.09 2402.32		319.95 213.37 2387.52		266.318 216.533 2280.02		309.547 147.102 2197.08		0		
357.338 267.595 2382.84		357.292 214.276 2401.81		319.863 213.612 2386.34		268.034 215.574 2275.75		315.886 149.147 2192.37		0		
357.11 267.789 2383.38		357.316 214.463 2401.74		319.903 213.624 2385.71		268.791 215.854 2274.46		321.726 152.957 2191.73		0		
356.871 267.45 2384.01		357.205 214.138 2402.26		319.792 213.22 2386.54		269.909 217.175 2271.68		325.364 155.771 2191.61		0		
356.92 267.198 2384.32		357.376 213.89 2402.34		319.97 212.886 2386.49		271.302 217.432 2271.49		329.801 158.561 2188.7		0		
356.849 266.814 2384.25		357.372 213.513 2402.47		319.974 212.448 2386.43		271.896 217.933 2272.3		332.995 161.496 2192.05		0		
356.663 266.275 2384.53		357.284 212.963 2402.01		319.871 211.857 2386.33		272.037 218.284 2271.03		334.477 163.542 2190.26		0		
356.635 265.711 2384.99		357.345 212.414 2402.44		319.946 211.236 2386.55		271.821 218.938 2270.16		334.534 164.565 2189.88		0		
356.467 265.569 2384.89		357.189 212.292 2402.99		319.784 211.105 2387.63		272.284 218.564 2271.21		334.42 163.249 2187.72		0		
356.384 265.65 2384.53		357.277 212.381 2403.03		319.859 211.089 2388.5		272.126 218.387 2268.4		332.67 161.186 2185.26		0		
356.371 266.023 2383.99		357.128 212.764 2403.36		319.693 211.577 2389.73		271.941 218.579 2268.41		330.316 159.091 2186.54		0		
356.347 266.473 2383.21		357.1 213.189 2402.44		319.643 212.019 2389.09		270.928 217.609 2269.35		327.012 156.156 2185.98		0		
356.42 266.839 2381.85		356.941 213.551 2402.1		319.465 212.537 2389.21		269.513 217.689 2268.57		320.904 153.263 2186.77		0		
356.517 266.9 2381.29		356.848 213.589 2401.32		319.35 212.724 2388.72		267.942 217.818 2270.96		314.681 150.079 2188.94		0		
356.492 267.547 2381.12		356.808 214.229 2401.23		319.327 213.346 2387.73		266.314 218.04 2270.61		305.876 146.217 2191.34		0		
356.584 267.662 2380.52		356.864 214.313 2400.14		319.376 213.452 2386.13		264.298 216.913 2266.55		294.252 141.499 2178.42		0		
356.937 267.229 2381.11		357.231 213.898 2400.78		319.799 212.964 2385		262.822 216.175 2262.95		284.654 138.496 2170.65		0		
357.46 267.237 2381.94		357.814 213.928 2401.71		320.437 212.902 2384.59		262.062 217.099 2264.16		276.892 138.29 2167.65		0		
357.655 267.167 2381.44		357.954 213.86 2401.59		320.584 212.846 2384.09		261.17 217.615 2262.83		271.869 138.269 2162.67		0		
357.693 267.303 2381.4		358.092 213.99 2401.4		320.739 212.891 2383.29		260.476 217.585 2263.04		267.646 137.471 2158.35		0		
357.807 267.622 2381.29		358.281 214.301 2401.16		320.973 213.107 2381.56		259.932 218.487 2264.66		266.143 137.663 2156.25		0		
357.788 267.097 2381.1		358.281 213.775 2400.92		320.997 212.536 2380.44		259.485 220.269 2269.16		265.679 139.531 2157.22		0		
357.694 266.949 2381.05		358.293 213.617 2400.51		321.015 212.303 2379.71		259.243 221.676 2271.94		266.055 141.23 2156.7		0		
357.715 267.377 2380.15		358.262 214.049 2400.48		320.948 212.783 2380.78		260.364 222.61 2273.1		267.583 142.922 2154.86		0		
357.568 267.222 2379.73		358.191 213.882 2399.89		320.857 212.577 2380.5		261.118 222.343 2274.55		270.594 143.113 2157.38		0		
357.745 266.316 2381.33		358.183 213.116 2404.24		320.918 211.843 2384.79		261.757 222.704 2273.95		274.11 143.816 2158.81		0		
357.811 267.025 2382.52		358.209 213.762 2403.04		320.876 212.651 2385.21		262.489 222.652 2273.11		279.876 144.642 2158.55		0		
357.781 266.96 2381.96		357.967 213.683 2402.58		320.614 212.729 2384.97		263.196 221.78 2273.03		286.155 145.263 2156.91		0		
357.144 267.011 2381.12		357.738 213.732 2402.07		320.365 212.506 2385.14		264.915 221.447 2271.06		292.698 146.083 2160.64		0		
356.722 267.394 2381.02		357.554 214.084 2401.08		320.145 212.748 2385.01		267.097 221.086 2270.9		302.799 148.441 2164.94		0		
356.563 267.696 2381.54		357.656 214.392 2401.34		320.262 212.877 2385.12		268.427 220.628 2268.66		310.714 151.156 2164.56		0		
356.332 267.671 2381.67		357.619 214.363 2401.09		320.221 212.727 2385		270.008 219.725 2266.63		318.757 154.148 2167.67		0		
356.133 267.156 2382.12		357.669 213.858 2401.19		320.279 212.055 2385.12		271.025 219.576 2268.27		324.55 157.002 2171.29		0		
356.092 266.697 2382.62		357.872 213.427 2401.81		320.504 211.441 2385.62		271.365 219.923 2268.8		329.585 161.229 2177.69		0		
355.821 266.278 2382.75		357.7 213.02 2402.02		320.32 210.983 2386.54		272.661 221.251 2268.36		332.618 163.578 2180.63		0		
355.859 266.338 2382.14		357.735 213.07 2401.55		320.351 211.026 2385.91		273.646 221.6 2268.52		334.614 164.816 2182.2		0		
355.856 266.279 2383.09		357.842 212.928 2398.73		320.383 210.943 2384.43		274.062 221.68 2269.75		335.683 165.364 2184.14		0		
355.969 265.978 2382.94		357.773 212.665 2400.21		320.344 210.75 2385.38		274.128 221.871 2269.64		335.784 165.403 2181.28		0		
355.998 266.363 2382.96		357.787 213.065 2400.89		320.389 211.121 2385.24		273.193 220.878 2271.17		334.927 164.678 2183.81		0		
355.877 267.156 2382.82		357.704 213.869 2401.4		320.324 211.877 2385.42		272.86 220.587 2272.54		334.01 163.951 2184.52		0		
355.792 267.294 2381.75		357.671 214.005 2400.97		320.27 211.98 2385.67		272.463 219.676 2271.08		331.39 160.992 2181.51		0		
355.792 267.272 2381.43		357.735 213.983 2400.82		320.336 211.906 2385.4		272.053 219.252 2269.08		328.628 158.42 2178.66		0		
355.611 267.222 2381.92		357.514 213.958 2401.78		320.129 211.896 2386.34		270.855 219.768 2268.51		322.618 155.242 2175.65		0		
355.574 267.704 2381.42		357.457 214.425 2401.3		320.058 212.387 2386.09		270.251 219.901 2267.56		317.561 152.463 2173.68		0		
355.444 268.074 2381.14		357.317 214.781 2400.9		319.914 212.751 2385.5		268.75 221.291 2270.32		311.772 150.94 2176.99		0		
355.542 267.502 2381.09		357.434 214.205 2400.6		320.056 212.13 2384.17		267.704 221.459 2270.81		306.219 149.112 2177.92		0		
355.669 267.671 2381.14		357.508 214.377 2400.84		320.135 212.331 2384.29		267.277 221.601 2270.28		299.482 146.671 2173.87		0		
356.578 266.802 2383.34		358.067 213.645 2405.63		320.821 211.691 2387.2		266.76 221.563 2271.7		295.315 145.186 2173.74		0		
356.884 266.417 2383.93		358.424 213.331 2407.7		321.221 211.286 2389.1		266.053 222.805 2272.99		287.625 144.382 2174.39		0		
356.997 266.706 2384.74		358.711 213.538 2405.5		321.425 211.524 2388.78		265.363 224.207 2274.53		282.703 144.561 2176.61		0		
356.828 266.804 2385.15		358.922 213.607 2404.35		321.617 211.389 2388.04		264.913 225.076 2275.61		280.135 144.82 2176.9		0		
356.936 267.149 2385.01		359.213 213.934 2403.65		321.906 211.605 2387.33		264.69 225.316 2277.69		279.231 144.761 2178.4		0		
357.142 267.128 2384.45		359.124 213.92 2404.09		321.829 211.752 2387.19		264.587 225.611 2279.37		279.133 144.956 2182.23		0		
357.683 266.66 2387.42		359.324 213.544 2408.14		322.083 211.581 2391.25		264.511 225.628 2279.1		277.773 144.763 2180.94		0		
357.813 266.526 2387.68		359.372 213.456 2409.63		322.138 211.533 2393.28		264.942 225.61 2281.42		279.36 145.306 2182.43		0		
357.914 266.221 2387.41		359.213 213.189 2410.74		322.006 211.385 2393.79		265.666 225.277 2283.14		284.349 146.025 2186.62		0		
358.068 266.415 2387.44		359.024 213.376 2410.88		321.826 211.789 2393.29		266.125 224.868 2284.39		288.733 146.69 2188.81		0		